2452125.64444 16.980 0.022 4.74 2620.0
2452128.57483 16.992 0.014 4.45 820.0
2452131.56969 16.998 0.013 3.84 869.0
2452134.67355 17.021 0.019 6.33 807.0
2452138.55016 16.977 0.016 5.49 739.0
2452143.52312 17.079 0.025 7.26 842.0
2452155.65016 16.962 0.023 7.09 1099.0
2452156.48926 16.989 0.015 4.83 902.0
2452158.49758 17.036 0.017 5.29 795.0
2452158.54059 16.998 0.014 4.44 755.0
2452162.50709 16.990 0.016 5.05 832.0
2452168.54179 16.976 0.019 5.93 839.0
2452173.49982 17.008 0.020 6.23 906.0
2452180.49846 16.981 0.017 4.23 1700.0
2452184.50305 17.012 0.021 6.42 967.0
2452194.55717 16.950 0.017 4.93 923.0
2452321.87593 17.014 0.021 5.65 1209.0
2452324.87803 17.015 0.016 4.63 1010.0
2452341.83451 16.983 0.018 4.28 1691.0
2452350.84760 17.002 0.014 3.87 970.0
2452358.88707 16.995 0.017 5.22 879.0
2452370.81535 16.996 0.017 5.35 825.0
2452381.81073 16.973 0.015 4.47 751.0
2452384.79319 16.986 0.016 4.67 852.0
2452388.85311 16.996 0.015 4.13 823.0
2452391.69565 17.034 0.024 5.72 1670.0
2452399.77684 17.000 0.013 3.49 750.0
2452399.78569 16.987 0.013 3.54 774.0
2452399.92776 17.001 0.015 4.15 948.0
2452399.93076 16.995 0.015 4.15 945.0
2452399.93365 16.999 0.015 4.15 995.0
2452399.93660 16.986 0.015 3.88 1116.0
2452399.93974 16.967 0.016 3.80 1474.0
2452400.69352 16.995 0.017 4.87 915.0
2452402.80844 16.992 0.014 3.78 896.0
2452404.84541 16.999 0.014 4.00 839.0
2452410.71813 16.939 0.011 5.12 716.0
2452414.86438 16.989 0.015 4.62 836.0
2452415.72643 16.996 0.019 5.44 894.0
2452416.74862 16.977 0.016 4.64 861.0
2452417.72417 16.997 0.017 4.85 915.0
2452424.76653 17.001 0.015 4.33 876.0
2452426.67781 16.984 0.015 4.39 769.0
2452431.81215 16.995 0.012 4.24 839.0
2452433.73934 16.997 0.017 4.85 856.0
2452434.81238 17.018 0.015 4.13 881.0
2452436.58511 17.004 0.017 4.78 1036.0
2452437.55430 17.092 0.030 7.85 1139.0
2452437.55744 17.019 0.027 7.67 1118.0
2452437.56050 17.024 0.026 7.45 1094.0
2452437.56312 17.032 0.026 7.22 1072.0
2452437.56574 17.013 0.027 7.68 1067.0
2452437.56835 17.036 0.026 7.22 1055.0
2452437.57098 17.025 0.027 7.73 1049.0
2452437.57362 17.016 0.024 6.69 1028.0
2452437.57670 16.976 0.021 6.11 995.0
2452437.57934 17.008 0.022 6.22 988.0
2452437.58196 16.981 0.023 6.86 984.0
2452437.58458 16.987 0.024 6.99 986.0
2452437.58718 16.979 0.023 6.89 973.0
2452437.59571 16.969 0.022 6.66 917.0
2452437.59832 17.008 0.024 7.05 918.0
2452437.60095 16.984 0.020 6.21 902.0
2452437.60357 16.987 0.020 5.98 900.0
2452437.60618 17.026 0.024 7.16 908.0
2452437.60880 17.007 0.024 6.89 913.0
2452437.61873 17.022 0.022 6.33 887.0
2452437.62848 17.041 0.022 6.21 898.0
2452437.63754 17.015 0.020 6.08 880.0
2452437.64761 17.056 0.021 6.07 854.0
2452437.65661 17.003 0.018 5.54 856.0
2452437.66659 17.087 0.023 6.39 872.0
2452437.67545 17.116 0.028 7.85 875.0
2452437.68846 17.054 0.025 7.33 846.0
2452437.69751 16.997 0.019 5.84 820.0
2452437.70639 17.035 0.023 6.66 842.0
2452437.71759 16.982 0.019 5.82 841.0
2452437.72671 17.010 0.019 5.76 849.0
2452437.73579 16.984 0.017 5.41 852.0
2452437.74531 16.969 0.016 5.04 867.0
2452437.75749 16.991 0.018 5.02 880.0
2452437.76634 17.004 0.018 5.24 891.0
2452437.77511 17.010 0.017 5.05 880.0
2452437.78391 16.999 0.018 5.33 893.0
2452437.79318 16.979 0.019 5.79 910.0
2452437.80198 17.004 0.017 4.82 887.0
2452437.81079 16.991 0.016 4.49 856.0
2452437.81961 16.985 0.016 4.60 907.0
2452437.83385 16.992 0.017 4.83 913.0
2452437.84311 17.003 0.018 5.13 938.0
2452437.85638 16.987 0.019 5.46 951.0
2452437.86531 16.988 0.019 5.63 944.0
2452437.87444 16.994 0.022 6.41 1004.0
2452437.89072 17.027 0.024 6.55 1056.0
2452437.90277 16.982 0.023 6.69 1091.0
2452437.92338 16.981 0.024 6.83 1230.0
2452437.93559 16.988 0.031 8.35 1364.0
2452438.61729 16.995 0.015 4.23 812.0
2452439.61425 17.008 0.014 4.21 923.0
2452439.64705 16.971 0.013 3.66 848.0
2452439.65316 16.985 0.013 3.71 831.0
2452439.67545 16.996 0.013 3.85 814.0
2452439.71185 16.992 0.013 3.71 787.0
2452439.72999 17.000 0.013 3.56 769.0
2452439.74557 17.001 0.013 3.62 783.0
2452439.76107 16.988 0.014 3.85 809.0
2452439.77542 16.998 0.014 4.17 832.0
2452439.79468 16.986 0.014 3.86 809.0
2452439.80498 16.970 0.014 4.36 885.0
2452439.82101 16.986 0.014 4.50 874.0
2452439.83329 16.977 0.015 4.66 848.0
2452439.84904 16.996 0.016 4.75 814.0
2452439.86112 16.967 0.015 4.67 834.0
2452439.87114 17.001 0.017 5.37 841.0
2452439.88000 17.014 0.018 5.34 840.0
2452439.88953 17.035 0.018 5.17 869.0
2452439.89850 16.996 0.018 5.39 917.0
2452439.90543 17.027 0.020 5.86 941.0
2452439.91441 17.009 0.023 6.92 973.0
2452439.92386 17.022 0.022 6.42 975.0
2452440.59852 17.003 0.016 4.60 848.0
2452440.64529 16.979 0.015 4.56 805.0
2452440.67410 16.990 0.015 4.49 811.0
2452440.69282 16.975 0.017 5.50 823.0
2452440.71253 16.989 0.013 3.57 724.0
2452440.72815 16.993 0.015 4.21 746.0
2452440.74608 16.991 0.013 3.72 762.0
2452440.75814 16.993 0.013 3.81 748.0
2452440.77410 17.004 0.013 3.72 727.0
2452440.82826 17.004 0.017 5.00 911.0
2452440.84056 16.990 0.018 5.33 919.0
2452440.84939 16.989 0.020 5.62 961.0
2452440.88179 16.985 0.022 6.06 1092.0
2452440.89139 17.018 0.022 6.17 1078.0
2452440.89825 16.974 0.020 5.71 1076.0
2452440.91082 16.981 0.023 6.36 1170.0
2452442.61611 17.014 0.015 4.24 838.0
2452444.57469 16.976 0.017 4.66 990.0
2452444.58280 16.977 0.016 4.30 934.0
2452444.59123 16.989 0.015 4.07 906.0
2452444.60539 17.001 0.017 4.60 874.0
2452444.61617 16.991 0.017 4.82 850.0
2452444.62427 17.004 0.015 4.03 833.0
2452444.63471 17.022 0.016 4.33 817.0
2452444.64278 17.006 0.016 4.53 805.0
2452444.65085 17.006 0.016 4.73 811.0
2452444.65894 16.997 0.016 4.89 811.0
2452444.66810 16.994 0.016 4.59 809.0
2452444.67619 16.989 0.018 5.49 798.0
2452444.68427 16.966 0.016 4.74 795.0
2452444.69234 16.964 0.016 4.68 851.0
2452444.70044 16.985 0.017 4.87 809.0
2452444.70874 16.988 0.018 5.41 817.0
2452444.71583 16.990 0.016 4.34 940.0
2452444.72388 16.991 0.017 4.37 973.0
2452444.73060 17.001 0.017 4.90 940.0
2452444.73892 17.000 0.018 4.79 954.0
2452444.74495 17.004 0.018 5.12 927.0
2452444.75321 17.000 0.018 5.62 908.0
2452444.76037 16.984 0.016 4.40 859.0
2452444.76585 16.984 0.016 4.49 871.0
2452444.77166 17.011 0.017 5.23 860.0
2452444.78036 16.970 0.016 5.07 869.0
2452444.79173 16.988 0.016 4.76 903.0
2452444.79979 16.992 0.017 5.15 917.0
2452444.80784 16.992 0.017 5.06 923.0
2452444.81769 17.008 0.020 5.78 939.0
2452444.82572 17.033 0.022 6.27 972.0
2452444.83377 17.012 0.020 5.72 995.0
2452444.85002 17.014 0.019 5.53 1023.0
2452444.86082 16.997 0.019 5.82 1048.0
2452444.87164 17.021 0.020 5.79 1088.0
2452444.88398 16.979 0.019 5.47 1131.0
2452444.89478 16.980 0.022 6.51 1162.0
2452446.64653 16.968 0.016 4.13 1031.0
2452448.53031 17.007 0.028 4.37 4851.0
2452453.73962 16.975 0.016 4.91 920.0
2452454.52766 16.983 0.019 6.24 933.0
2452454.55153 16.970 0.015 4.73 936.0
2452454.56050 16.972 0.014 4.16 913.0
2452454.56946 16.986 0.014 4.27 963.0
2452454.58016 16.994 0.013 3.71 887.0
2452454.58901 17.007 0.013 3.64 860.0
2452454.59788 16.974 0.014 4.10 941.0
2452454.60682 16.974 0.014 3.93 1035.0
2452454.61927 16.988 0.015 4.06 1106.0
2452454.63361 17.003 0.013 3.49 1451.0
2452454.64263 16.990 0.014 3.76 1244.0
2452454.65158 16.990 0.015 4.08 1030.0
2452454.66204 16.999 0.014 3.91 1271.0
2452454.67117 17.012 0.015 4.15 1076.0
2452454.68003 16.975 0.014 4.07 1190.0
2452454.68976 17.003 0.013 3.58 1001.0
2452454.69951 17.000 0.014 3.71 951.0
2452454.70831 16.975 0.014 4.03 938.0
2452454.71899 16.967 0.014 4.09 951.0
2452454.72789 16.986 0.014 3.73 1085.0
2452454.73683 17.003 0.014 3.63 1772.0
2452454.74756 16.975 0.014 3.73 1538.0
2452454.75642 16.993 0.014 3.77 1398.0
2452454.76527 16.981 0.015 3.89 1603.0
2452454.77405 16.988 0.018 4.31 2111.0
2452454.78763 16.977 0.018 4.15 2863.0
2452458.73688 17.000 0.016 4.86 675.0
2452462.72567 16.971 0.012 3.84 662.0
2452463.82277 17.007 0.015 4.32 859.0
2452465.46804 16.988 0.023 6.29 1277.0
2452465.47702 16.998 0.022 6.08 1131.0
2452465.48621 16.990 0.021 6.12 1087.0
2452465.49519 16.973 0.018 5.12 1033.0
2452465.50422 17.012 0.017 4.50 988.0
2452465.51321 16.980 0.017 4.85 981.0
2452465.52328 17.012 0.016 4.45 942.0
2452465.53353 17.002 0.018 5.33 925.0
2452465.54247 16.975 0.017 5.30 875.0
2452465.55150 16.996 0.015 4.34 835.0
2452465.56049 16.993 0.015 4.49 812.0
2452465.56943 17.013 0.016 4.81 791.0
2452465.58392 16.963 0.015 4.39 789.0
2452465.59298 17.007 0.016 4.94 786.0
2452465.60220 16.970 0.014 4.32 756.0
2452465.61124 16.997 0.014 4.18 738.0
2452465.62159 16.975 0.014 4.23 722.0
2452465.63121 16.982 0.014 4.29 701.0
2452465.64094 16.981 0.014 4.37 694.0
2452465.65093 17.005 0.014 4.09 697.0
2452465.66020 17.002 0.016 4.86 706.0
2452465.66910 16.989 0.015 4.56 700.0
2452465.67898 16.990 0.015 4.58 691.0
2452465.68792 17.004 0.014 4.35 698.0
2452465.69697 16.983 0.014 4.52 689.0
2452465.70599 17.006 0.015 4.61 701.0
2452465.71516 16.992 0.014 4.41 703.0
2452465.72441 16.993 0.015 4.60 708.0
2452465.73340 16.996 0.015 4.54 723.0
2452465.74366 17.001 0.014 4.38 712.0
2452465.75259 16.990 0.014 4.36 723.0
2452465.76854 16.977 0.019 6.13 795.0
2452465.77752 17.022 0.019 5.92 804.0
2452465.78893 17.030 0.021 6.67 776.0
2452465.79779 16.968 0.018 5.76 776.0
2452465.80665 17.019 0.019 5.86 805.0
2452465.81575 17.001 0.020 6.44 839.0
2452465.82552 16.998 0.019 5.96 875.0
2452465.83450 16.939 0.017 5.43 910.0
2452465.84545 16.949 0.022 6.75 995.0
2452466.75276 17.014 0.019 5.63 803.0
2452468.45903 17.001 0.036 6.74 3452.0
2452468.46778 17.037 0.021 5.93 1131.0
2452468.47755 17.015 0.021 6.58 919.0
2452468.48821 16.992 0.016 4.58 877.0
2452468.49703 16.995 0.016 4.54 838.0
2452468.50704 16.990 0.015 4.59 791.0
2452468.51629 17.002 0.015 4.29 770.0
2452468.52620 16.995 0.014 4.20 788.0
2452468.53520 17.008 0.015 4.43 790.0
2452468.54491 17.000 0.013 3.95 750.0
2452468.55375 16.976 0.013 3.86 784.0
2452468.56267 16.983 0.013 4.08 801.0
2452468.57153 16.997 0.014 4.23 778.0
2452468.58249 17.006 0.013 3.65 742.0
2452468.59148 16.994 0.013 3.68 716.0
2452468.60056 16.997 0.014 4.10 726.0
2452468.60949 16.977 0.014 4.41 715.0
2452468.62033 17.000 0.014 4.24 663.0
2452468.62912 16.989 0.014 4.22 677.0
2452468.63801 16.981 0.013 3.89 656.0
2452468.64867 16.980 0.013 3.83 653.0
2452468.65802 16.994 0.013 3.83 653.0
2452468.66797 16.976 0.013 3.78 642.0
2452468.67782 16.994 0.013 3.63 661.0
2452468.68670 16.975 0.014 4.21 695.0
2452468.69554 16.976 0.014 4.22 736.0
2452468.70433 16.984 0.013 4.01 720.0
2452468.71433 16.988 0.013 3.83 721.0
2452468.72347 16.973 0.012 3.71 734.0
2452468.73419 16.978 0.013 3.87 736.0
2452468.74299 16.977 0.013 3.96 776.0
2452468.75270 16.983 0.014 4.11 800.0
2452468.76160 16.999 0.014 4.28 826.0
2452468.77057 16.984 0.015 4.33 868.0
2452468.77948 16.970 0.015 4.34 907.0
2452468.78949 16.992 0.016 4.75 954.0
2452468.79858 16.985 0.015 4.42 972.0
2452468.80783 16.990 0.015 4.88 866.0
2452468.81823 16.989 0.018 5.08 1124.0
2452468.82704 16.978 0.018 4.97 1154.0
2452468.83594 16.985 0.018 5.01 1186.0
2452470.46813 17.023 0.023 6.45 1313.0
2452472.46287 16.970 0.020 5.18 1915.0
2452472.47234 17.096 0.021 5.13 1770.0
2452474.46843 17.013 0.020 5.52 1272.0
2452482.62514 16.981 0.016 4.83 910.0
2452485.63512 16.990 0.021 6.80 735.0
2452489.70596 16.969 0.013 4.20 840.0
2452492.65064 16.965 0.014 4.33 852.0
2452494.70501 16.976 0.015 5.43 772.0
2452497.50757 16.987 0.016 4.61 819.0
2452499.54335 16.983 0.015 4.29 831.0
2452501.57111 17.011 0.015 4.24 880.0
2452511.55130 17.042 0.022 6.16 1014.0
2452517.48432 17.008 0.025 7.57 967.0
2452521.52055 16.992 0.015 4.01 958.0
2452526.54989 16.974 0.014 4.39 815.0
2452537.48108 16.981 0.020 5.47 1288.0
2452540.49766 16.971 0.020 5.48 1146.0
2452546.50825 16.976 0.018 5.15 1034.0
2452550.48952 16.947 0.018 5.37 990.0
2452554.56141 16.974 0.017 4.86 932.0
2452558.49794 16.991 0.019 5.05 1236.0
2452565.49080 16.948 0.029 7.81 1526.0
2452693.89508 16.960 0.015 4.19 1107.0
2452698.89301 16.974 0.015 5.07 760.0
2452711.87605 16.964 0.013 4.23 774.0
2452721.88350 16.957 0.028 4.79 4965.0
2452730.89673 16.999 0.014 4.05 893.0
2452743.77314 17.000 0.014 4.04 943.0
2452748.79167 16.987 0.017 4.57 1202.0
2452755.78159 17.004 0.014 4.35 810.0
2452758.93298 17.032 0.024 5.86 1527.0
2452765.78972 16.982 0.013 3.83 943.0
2452769.77432 17.049 0.012 4.26 864.0
2452782.71288 17.002 0.019 6.00 859.0
2452784.70184 16.972 0.013 3.72 774.0
2452786.59189 16.970 0.022 5.73 1387.0
2452788.68920 16.993 0.013 3.41 872.0
2452790.79429 16.983 0.015 4.76 807.0
2452792.53122 17.007 0.024 6.87 1087.0
2452794.55734 17.003 0.025 6.86 1199.0
2452796.56624 16.985 0.016 4.31 901.0
2452802.56461 17.038 0.025 6.21 1426.0
2452808.63366 17.005 0.016 4.68 982.0
2452810.57192 16.985 0.016 4.34 1005.0
2452810.63534 17.005 0.014 3.88 846.0
2452810.66493 16.989 0.014 4.05 890.0
2452810.69467 16.986 0.016 4.73 892.0
2452810.70696 16.994 0.017 4.74 940.0
2452810.72318 16.991 0.014 3.74 921.0
2452810.73549 16.981 0.013 3.48 903.0
2452810.74845 16.969 0.015 4.16 941.0
2452810.76275 16.988 0.014 4.00 938.0
2452810.77423 16.985 0.014 3.76 987.0
2452810.79275 16.983 0.014 3.90 979.0
2452810.81026 16.994 0.015 4.20 1151.0
2452810.83773 16.998 0.015 3.98 1147.0
2452810.87029 16.968 0.016 4.32 1218.0
2452812.57375 17.024 0.016 3.92 1103.0
2452813.81751 16.968 0.014 3.89 875.0
2452815.59612 16.972 0.015 4.57 784.0
2452816.66155 16.980 0.014 4.32 698.0
2452817.77620 16.993 0.017 5.00 880.0
2452818.67105 16.978 0.015 4.40 881.0
2452819.76515 16.976 0.015 4.16 899.0
2452821.66344 16.983 0.016 4.42 894.0
2452826.65410 17.004 0.017 6.16 789.0
2452830.78431 16.993 0.019 4.37 1901.0
2452835.48072 16.998 0.022 4.82 2285.0
2452837.49953 16.985 0.021 5.78 1220.0
2452838.73005 16.991 0.016 4.81 848.0
2452840.50159 17.003 0.018 4.93 952.0
2452842.53805 17.001 0.015 4.92 839.0
2452844.61419 16.983 0.014 4.49 806.0
2452848.54942 16.956 0.020 6.41 951.0
2452851.53666 16.991 0.016 4.60 991.0
2452853.54357 17.021 0.016 4.56 912.0
2452854.75743 17.000 0.020 5.77 949.0
2452857.72037 16.966 0.018 5.24 1010.0
2452862.49667 16.993 0.022 5.81 1288.0
2452864.50369 16.979 0.022 6.28 1169.0
2452867.65893 17.004 0.016 4.86 821.0
2452868.51719 16.993 0.014 4.21 881.0
2452869.59148 17.003 0.015 4.12 863.0
2452871.47977 16.991 0.018 5.52 934.0
2452875.61836 16.975 0.020 6.68 778.0
2452877.65395 16.964 0.015 4.31 910.0
2452879.55623 16.983 0.015 4.12 803.0
2452881.66023 17.002 0.013 4.79 703.0
2452882.49650 16.970 0.017 6.05 865.0
2452883.58961 16.976 0.014 4.36 777.0
2452884.47929 16.980 0.017 4.72 1016.0
2452885.55802 16.969 0.017 5.42 941.0
2452886.54646 16.985 0.028 5.74 2659.0
2452890.64567 17.006 0.026 5.97 1453.0
2452891.48161 17.067 0.032 7.88 1582.0
2452892.51710 16.967 0.018 5.33 1045.0
2452893.56091 16.985 0.014 3.68 1208.0
2452893.60246 16.997 0.014 3.74 626.0
2452893.60978 16.978 0.013 3.27 547.0
2452893.61258 16.982 0.012 3.70 354.0
2452894.49744 16.981 0.018 5.37 743.0
2452894.54748 17.003 0.015 4.21 818.0
2452894.64610 16.987 0.020 5.36 1224.0
2452895.47930 16.966 0.021 6.27 953.0
2452895.59426 16.984 0.014 4.14 468.0
2452895.66739 17.011 0.015 4.02 734.0
2452896.47694 16.911 0.021 5.85 1151.0
2452896.57063 16.993 0.014 3.46 553.0
2452896.57348 16.961 0.014 3.36 391.0
2452896.64434 16.960 0.014 3.65 750.0
2452896.64809 17.018 0.016 3.97 516.0
2452897.58008 16.934 0.016 4.57 491.0
2452897.64167 17.045 0.021 5.78 985.0
2452898.48451 17.002 0.020 5.93 855.0
2452898.52991 16.979 0.018 5.20 1017.0
2452898.60483 17.007 0.017 4.44 764.0
2452898.64873 16.980 0.018 4.69 869.0
2452899.60735 16.959 0.013 3.91 866.0
2452899.61415 16.985 0.014 4.51 631.0
2452899.65292 16.970 0.015 4.15 737.0
2452900.47663 16.952 0.023 6.43 995.0
2452900.52970 16.984 0.017 4.93 688.0
2452900.57982 16.954 0.016 4.70 684.0
2452900.62115 17.025 0.018 4.72 704.0
2452901.50081 16.972 0.020 6.25 745.0
2452901.54407 17.054 0.017 5.67 669.0
2452901.58654 16.913 0.013 4.05 686.0
2452902.47152 16.961 0.030 6.85 1648.0
2452902.51448 17.017 0.020 5.63 737.0
2452902.55931 16.952 0.022 6.63 798.0
2452902.62342 16.967 0.020 5.19 971.0
2452903.48807 16.995 0.021 6.67 647.0
2452903.51942 17.046 0.013 4.14 583.0
2452903.59878 16.993 0.012 3.84 551.0
2452904.52879 17.052 0.025 6.89 786.0
2452904.57842 16.989 0.018 5.25 679.0
2452904.60835 17.028 0.018 5.42 647.0
2452904.64523 17.021 0.021 6.48 629.0
2452905.49133 16.940 0.020 6.01 729.0
2452905.52244 16.994 0.018 5.09 752.0
2452905.54726 17.008 0.022 6.17 1000.0
2452905.55556 16.994 0.021 6.11 741.0
2452905.61083 17.018 0.020 5.69 727.0
2452906.49519 17.002 0.018 5.89 737.0
2452906.52858 16.993 0.018 5.78 714.0
2452906.56238 16.988 0.017 5.03 730.0
2452906.58942 16.992 0.017 4.87 715.0
2452907.48277 16.972 0.023 6.59 798.0
2452907.54656 16.976 0.021 6.08 706.0
2452907.60266 16.929 0.017 4.87 725.0
2452908.49559 17.015 0.023 6.69 703.0
2452908.52767 16.974 0.022 6.79 708.0
2452908.61000 16.979 0.022 6.47 722.0
2452909.49743 16.997 0.017 4.96 672.0
2452909.51807 16.966 0.019 5.75 933.0
2452909.54226 17.021 0.018 5.28 723.0
2452909.58033 17.008 0.028 7.66 808.0
2452910.48939 16.999 0.020 6.05 794.0
2452910.52248 17.030 0.020 5.80 712.0
2452910.58010 16.956 0.022 6.81 729.0
2452911.48488 16.943 0.022 6.69 713.0
2452911.52930 16.993 0.018 4.97 713.0
2452911.55696 16.952 0.014 4.00 700.0
2452912.49649 16.984 0.018 5.17 763.0
2452912.54067 16.986 0.015 3.81 1033.0
2452912.54357 16.981 0.015 3.81 769.0
2452912.58268 16.995 0.016 4.15 854.0
2452915.47632 16.982 0.028 4.21 3663.0
2452915.49109 16.967 0.020 4.92 1470.0
2452916.48454 16.992 0.018 3.73 1597.0
2452916.52748 16.990 0.018 4.65 878.0
2452916.56804 16.988 0.016 4.10 920.0
2452917.50299 17.018 0.018 4.31 926.0
2452917.53351 16.987 0.017 4.15 962.0
2452917.57314 16.977 0.016 4.04 774.0
2452918.49613 16.967 0.022 6.14 870.0
2452918.52337 16.949 0.020 5.19 862.0
2452918.58192 17.013 0.018 4.64 939.0
2452920.50720 17.070 0.022 5.62 1067.0
2452920.54363 17.013 0.025 6.89 1000.0
2452921.49291 16.999 0.024 6.72 816.0
2452921.53170 16.976 0.017 4.79 766.0
2452921.58281 17.000 0.021 5.23 974.0
2452922.49862 16.975 0.021 5.82 915.0
2452922.56976 16.974 0.020 5.11 1002.0
2452923.51166 16.971 0.015 3.88 846.0
2452923.53901 16.988 0.016 4.27 848.0
2452923.57432 16.985 0.016 3.92 867.0
2452924.50846 17.002 0.015 4.07 730.0
2452924.57833 16.968 0.015 4.05 770.0
2452925.50343 16.985 0.018 6.00 746.0
2452925.56018 16.961 0.016 4.61 725.0
2452926.53332 16.996 0.016 4.69 678.0
2452926.57891 17.030 0.019 4.81 752.0
2452927.50096 16.946 0.018 5.34 573.0
2452927.57786 16.984 0.017 4.95 824.0
2452928.50956 16.981 0.019 5.22 620.0
2452928.56406 17.015 0.021 5.43 944.0
2452929.50420 16.993 0.024 6.62 845.0
2452929.57875 17.025 0.020 4.73 971.0
2452930.50304 16.993 0.015 4.06 641.0
2452930.55453 17.008 0.016 4.00 711.0
2452931.50582 17.001 0.015 3.88 586.0
2452931.58143 16.990 0.016 4.18 663.0
2452932.52041 16.989 0.015 3.51 634.0
2452932.57170 17.011 0.018 4.83 779.0
2452933.50956 16.975 0.016 4.73 701.0
2452933.56828 17.011 0.018 4.86 905.0
2452934.51272 16.947 0.021 6.07 779.0
2452934.55815 17.002 0.018 4.46 895.0
2452935.51496 16.996 0.022 5.54 867.0
2452936.49613 17.033 0.024 6.61 923.0
2452937.51839 16.982 0.021 6.00 1052.0
2452939.50679 16.986 0.021 6.00 2192.0
2452941.51167 16.973 0.025 6.07 1965.0
2452942.50036 16.966 0.017 3.78 1810.0
2452943.54598 17.001 0.025 5.80 1785.0
2452944.53943 16.974 0.026 6.20 1721.0
2452945.49631 16.938 0.027 5.35 2935.0
2452946.50629 17.008 0.021 5.26 1461.0
2452947.52722 16.986 0.024 5.71 1596.0
2452949.51213 16.962 0.023 5.31 1643.0
2452950.49937 16.959 0.025 4.93 2914.0
2452951.49939 16.987 0.027 4.57 3678.0
2452952.50421 16.964 0.027 6.64 1729.0
2452952.51611 16.979 0.022 5.89 1297.0
2452953.49871 17.002 0.022 4.05 3122.0
2452957.49978 17.047 0.034 4.22 6639.0
2453040.87630 17.035 0.018 4.57 1559.0
2453041.88099 16.959 0.018 4.30 1610.0
2453042.88085 17.005 0.021 5.19 1361.0
2453043.86538 16.993 0.017 4.74 1090.0
2453044.86100 16.984 0.020 5.94 1169.0
2453045.86011 16.976 0.019 5.63 1040.0
2453046.87092 16.974 0.022 6.12 1202.0
2453047.85966 16.989 0.016 4.57 1014.0
2453048.85818 16.967 0.015 4.17 868.0
2453049.84332 16.980 0.015 3.99 904.0
2453050.83649 16.946 0.017 4.90 741.0
2453051.84065 16.944 0.033 5.27 3120.0
2453052.83937 17.001 0.017 4.95 540.0
2453053.82316 16.976 0.015 4.56 492.0
2453054.83895 16.978 0.016 5.32 502.0
2453055.83515 17.029 0.018 5.35 491.0
2453055.87732 17.013 0.018 5.29 918.0
2453056.84894 16.991 0.020 6.49 490.0
2453057.83580 16.999 0.016 4.76 548.0
2453058.83339 17.018 0.015 4.34 521.0
2453058.89545 16.967 0.015 3.86 1305.0
2453059.83889 16.972 0.015 4.66 484.0
2453060.81814 17.047 0.020 6.06 470.0
2453061.84736 17.016 0.017 5.51 415.0
2453064.81598 16.979 0.017 5.01 1075.0
2453064.83012 16.967 0.018 5.36 604.0
2453067.78582 16.969 0.016 5.05 575.0
2453067.88943 16.966 0.012 3.41 819.0
2453069.80106 16.975 0.020 5.92 539.0
2453070.85093 16.954 0.018 5.38 1101.0
2453073.80640 16.976 0.016 4.55 1052.0
2453075.84508 16.979 0.015 3.99 1065.0
2453076.89507 16.973 0.017 4.83 562.0
2453079.88960 16.989 0.018 4.10 2098.0
2453081.77121 16.962 0.016 5.20 474.0
2453082.86291 17.002 0.015 4.40 809.0
2453083.80387 16.988 0.012 3.28 405.0
2453084.90219 16.993 0.011 3.21 752.0
2453085.86512 16.971 0.012 4.16 291.0
2453086.83455 16.991 0.012 3.48 716.0
2453087.89913 16.942 0.016 5.35 287.0
2453088.79203 16.966 0.012 3.65 693.0
2453088.80610 16.988 0.011 3.14 298.0
2453089.90130 16.986 0.012 3.90 808.0
2453091.82147 16.960 0.013 4.05 720.0
2453091.83519 16.947 0.013 4.43 271.0
2453093.89685 17.062 0.019 6.04 357.0
2453096.85960 16.981 0.017 5.86 821.0
2453097.88053 16.983 0.012 3.89 275.0
2453098.84703 16.981 0.011 3.36 766.0
2453100.80057 16.996 0.013 3.57 895.0
2453101.87709 16.978 0.016 4.92 343.0
2453101.91414 16.987 0.015 4.78 983.0
2453103.77188 16.939 0.014 3.82 1085.0
2453104.88639 17.007 0.034 4.42 7712.0
2453106.83118 16.973 0.020 5.16 1859.0
2453106.85656 16.962 0.019 4.10 972.0
2453108.76441 16.973 0.012 3.42 864.0
2453108.80681 16.974 0.012 3.70 807.0
2453109.78801 16.953 0.012 3.65 712.0
2453110.74735 17.012 0.013 3.79 351.0
2453110.83103 16.993 0.013 4.21 802.0
2453111.86220 16.964 0.011 4.82 605.0
2453112.77986 16.994 0.013 5.06 632.0
2453113.73635 16.986 0.012 3.91 239.0
2453113.86961 16.966 0.012 4.25 669.0
2453114.78114 16.993 0.012 3.49 694.0
2453115.86397 16.968 0.012 4.30 721.0
2453116.92008 16.971 0.014 4.61 826.0
2453122.90713 16.962 0.015 5.02 855.0
2453125.86742 17.017 0.021 6.55 866.0
2453126.89311 16.967 0.013 3.88 910.0
2453127.80393 16.960 0.015 4.43 963.0
2453128.81693 16.959 0.013 4.13 969.0
2453130.69488 16.995 0.016 3.88 1359.0
2453131.88642 16.977 0.021 4.75 2410.0
2453135.89626 16.992 0.016 5.16 952.0
2453137.93528 16.999 0.016 5.07 1286.0
2453138.69800 16.982 0.016 5.14 804.0
2453138.83513 17.044 0.015 4.59 299.0
2453139.87521 16.983 0.013 4.82 740.0
2453140.87505 16.983 0.015 5.17 722.0
2453142.76332 16.971 0.013 4.41 771.0
2453144.78426 16.984 0.015 5.19 692.0
2453146.78409 16.971 0.014 5.18 672.0
2453151.74688 16.976 0.017 5.97 722.0
2453151.89955 17.016 0.016 5.39 825.0
2453152.75097 16.970 0.015 4.76 783.0
2453153.75489 16.991 0.016 5.42 806.0
2453153.89781 16.970 0.017 5.09 382.0
2453154.81642 16.987 0.016 5.45 767.0
2453156.83614 16.996 0.015 4.59 984.0
2453158.90680 16.998 0.022 5.97 1344.0
2453162.81114 17.028 0.017 4.57 1027.0
2453163.62405 16.985 0.013 4.08 748.0
2453163.64288 16.987 0.013 4.57 754.0
2453164.73273 17.001 0.013 4.36 769.0
2453165.75355 16.986 0.011 3.99 688.0
2453166.74110 17.036 0.019 5.81 502.0
2453166.89870 17.041 0.022 6.43 931.0
2453167.75157 16.991 0.018 6.51 685.0
2453168.74674 16.970 0.013 4.80 717.0
2453169.72263 16.949 0.014 4.89 727.0
2453170.80016 17.009 0.013 4.41 655.0
2453171.82287 17.004 0.011 3.89 727.0
2453172.74986 16.983 0.011 4.09 648.0
2453174.70617 16.992 0.012 3.66 764.0
2453175.71610 17.000 0.012 4.13 796.0
2453177.75325 16.999 0.020 7.70 822.0
2453178.77983 16.988 0.013 4.78 679.0
2453179.78954 16.985 0.015 5.25 737.0
2453180.71792 16.997 0.013 4.61 651.0
2453182.76941 16.980 0.014 4.91 684.0
2453183.73807 16.988 0.015 5.37 706.0
2453184.69582 16.974 0.012 4.17 688.0
2453185.48520 16.994 0.020 5.71 1304.0
2453185.53363 17.022 0.017 4.98 1107.0
2453185.57921 16.984 0.015 4.82 894.0
2453185.61509 16.985 0.012 3.45 866.0
2453185.66442 16.965 0.014 4.01 885.0
2453185.71390 16.994 0.015 4.56 882.0
2453185.74850 16.977 0.015 4.22 882.0
2453185.83318 17.000 0.014 3.92 931.0
2453185.86109 16.991 0.015 4.54 952.0
2453185.88236 17.014 0.018 4.92 1123.0
2453190.64003 16.975 0.017 4.90 929.0
2453191.80061 17.001 0.016 4.88 866.0
2453193.53404 16.992 0.015 4.68 800.0
2453194.59270 16.986 0.015 4.72 976.0
2453195.64001 16.999 0.011 3.76 615.0
2453195.79765 16.955 0.014 4.33 751.0
2453196.54308 17.005 0.016 5.08 924.0
2453197.51064 16.992 0.014 4.26 836.0
2453199.62045 16.970 0.015 5.42 630.0
2453201.51226 16.939 0.012 4.40 828.0
2453202.56669 16.974 0.014 5.01 694.0
2453203.65621 16.978 0.013 4.41 672.0
2453204.64944 16.979 0.013 4.41 599.0
2453205.75804 17.017 0.014 4.62 601.0
2453206.71506 16.986 0.014 5.01 602.0
2453207.66360 16.972 0.017 6.08 648.0
2453210.54248 17.009 0.017 5.84 898.0
2453211.58088 16.992 0.015 5.18 645.0
2453217.47219 17.003 0.016 3.97 1693.0
2453217.64947 16.967 0.014 4.00 1083.0
2453218.64783 16.980 0.016 5.07 1150.0
2453219.60272 17.000 0.020 5.95 901.0
2453223.64905 17.008 0.020 6.90 750.0
2453224.69460 16.954 0.013 4.04 848.0
2453226.61191 17.018 0.018 6.59 608.0
2453228.59832 16.995 0.015 5.57 629.0
2453229.63079 16.979 0.015 5.27 674.0
2453230.66438 16.969 0.014 4.57 616.0
2453231.56771 16.958 0.014 4.86 714.0
2453231.60599 16.997 0.014 4.80 726.0
2453232.59561 16.983 0.018 6.82 692.0
2453238.61675 17.000 0.017 5.34 725.0
2453239.69548 16.989 0.016 5.60 728.0
2453240.67660 17.041 0.020 6.34 775.0
2453241.65152 17.000 0.019 3.98 2744.0
2453245.55139 16.950 0.015 4.59 1056.0
2453246.65508 16.985 0.018 5.68 928.0
2453247.62127 17.037 0.016 4.76 928.0
2453249.52320 17.049 0.018 6.02 691.0
2453250.65595 16.988 0.017 4.94 1050.0
2453253.52022 16.970 0.014 5.03 602.0
2453256.63298 17.023 0.017 5.47 701.0
2453259.62245 17.008 0.020 6.62 700.0
2453264.52996 16.968 0.015 4.36 827.0
2453267.52908 17.009 0.015 5.27 959.0
2453272.58449 17.010 0.016 4.92 914.0
2453275.56745 16.954 0.019 5.95 976.0
2453278.59637 16.978 0.016 4.83 889.0
2453282.57038 16.964 0.011 3.91 461.0
2453288.54293 16.949 0.011 4.54 510.0
2453293.51351 16.961 0.012 5.39 458.0
2453295.52371 16.947 0.010 4.47 399.0
2453299.52823 17.029 0.009 4.07 382.0
2453305.54481 16.967 0.016 4.38 1223.0
2453309.53356 16.962 0.017 4.89 1206.0
2453314.51334 17.002 0.023 6.33 1258.0
2453408.88738 17.025 0.018 5.57 921.0
2453410.88749 16.953 0.017 5.10 1207.0
2453413.88832 16.923 0.017 5.95 975.0
2453421.89456 16.996 0.012 4.03 694.0
2453422.86444 16.961 0.013 5.16 672.0
2453426.86004 16.971 0.014 4.31 892.0
2453429.84208 17.040 0.020 5.80 1003.0
2453432.88547 17.018 0.013 3.38 1352.0
2453442.88789 16.960 0.012 4.16 675.0
2453445.80069 16.967 0.011 3.92 600.0
2453447.85131 16.997 0.014 4.54 691.0
2453449.86397 16.994 0.013 4.40 624.0
2453452.88459 16.964 0.011 3.72 656.0
2453455.81879 16.932 0.015 4.85 955.0
2453457.85232 16.989 0.012 3.76 768.0
2453459.84750 16.977 0.012 3.61 940.0
2453467.87738 16.955 0.013 4.84 610.0
2453469.78327 16.989 0.012 3.87 627.0
2453470.79620 16.963 0.012 4.29 582.0
2453472.75866 16.987 0.013 4.46 661.0
2453473.77846 16.971 0.015 5.26 634.0
2453474.77509 16.980 0.015 5.44 576.0
2453475.80069 16.996 0.012 4.34 611.0
2453477.76250 16.969 0.013 4.17 651.0
2453479.76136 16.980 0.011 3.78 601.0
2453480.72150 16.981 0.012 4.19 593.0
2453481.73944 17.011 0.013 4.35 674.0
2453482.71620 17.005 0.014 4.30 866.0
2453496.71902 16.998 0.014 4.70 745.0
2453497.79054 17.008 0.016 5.51 730.0
2453499.86170 16.985 0.014 5.05 629.0
2453500.72790 17.025 0.013 4.43 655.0
2453501.82433 17.020 0.010 3.59 718.0
2453502.72020 16.966 0.011 3.51 683.0
2453503.68935 17.010 0.012 4.39 621.0
2453504.70410 17.004 0.014 4.76 572.0
2453506.74789 16.989 0.011 3.78 645.0
2453508.75750 16.968 0.014 5.12 657.0
2453509.73058 16.981 0.013 4.82 593.0
2453510.80035 16.982 0.012 4.40 646.0
2453511.83949 16.996 0.013 4.04 861.0
2453512.70918 16.929 0.014 4.58 877.0
2453512.72354 16.985 0.016 5.14 901.0
2453512.75911 16.967 0.015 4.77 898.0
2453512.80676 17.008 0.015 4.42 1048.0
2453512.82404 16.977 0.014 4.35 1047.0
2453512.84158 17.004 0.015 4.43 1037.0
2453512.85946 16.986 0.015 4.67 1049.0
2453512.87964 16.991 0.015 4.51 1038.0
2453512.90212 16.977 0.014 4.10 1018.0
2453512.91106 16.979 0.016 4.96 960.0
2453512.92556 16.998 0.017 5.33 889.0
2453512.93818 16.994 0.013 4.06 956.0
2453517.68500 16.975 0.016 4.55 1274.0
2453520.76028 16.953 0.014 4.68 692.0
2453521.71751 16.966 0.010 3.30 767.0
2453522.74553 16.973 0.010 3.42 568.0
2453522.93675 16.974 0.014 4.42 834.0
2453523.75000 16.971 0.010 3.34 592.0
2453524.89520 16.971 0.014 5.04 843.0
2453525.74840 16.977 0.011 4.14 555.0
2453526.75183 16.973 0.013 4.71 645.0
2453528.67275 16.961 0.012 4.10 603.0
2453529.69504 17.003 0.009 3.88 420.0
2453529.86940 16.942 0.012 4.06 678.0
2453530.61015 16.970 0.011 3.61 614.0
2453530.77230 16.960 0.010 3.78 619.0
2453530.85411 16.997 0.011 3.41 617.0
2453530.88081 16.981 0.011 3.46 471.0
2453536.86852 17.002 0.012 5.13 659.0
2453536.88544 16.990 0.014 5.20 1160.0
2453537.67546 16.957 0.014 5.47 475.0
2453538.52440 16.969 0.019 6.89 612.0
2453538.59711 16.958 0.014 5.10 508.0
2453538.75285 17.026 0.012 4.14 202.0
2453538.86915 17.008 0.014 4.47 301.0
2453539.55571 16.963 0.017 5.91 413.0
2453540.52377 16.976 0.021 6.49 443.0
2453540.65000 16.984 0.013 4.34 746.0
2453540.69161 17.040 0.012 3.53 188.0
2453540.88681 17.042 0.014 5.67 600.0
2453541.62437 16.986 0.014 4.75 301.0
2453541.78322 16.979 0.013 3.98 288.0
2453542.83049 16.956 0.020 4.36 1174.0
2453544.60930 16.991 0.015 3.66 673.0
2453544.80767 16.949 0.017 4.86 765.0
2453546.72349 17.020 0.017 5.25 646.0
2453547.74612 17.036 0.015 5.27 519.0
2453549.80163 17.032 0.014 4.64 921.0
2453550.63483 16.982 0.012 4.19 750.0
2453551.63477 16.975 0.010 4.26 697.0
2453552.67011 17.008 0.012 4.35 561.0
2453553.72018 16.956 0.017 6.00 752.0
2453554.65872 17.001 0.017 6.05 705.0
2453555.66762 17.020 0.013 5.27 545.0
2453556.67536 16.977 0.012 4.27 611.0
2453558.53014 16.969 0.012 4.13 751.0
2453558.82889 16.983 0.014 4.92 639.0
2453559.69885 16.995 0.013 4.48 641.0
2453560.60019 16.973 0.013 4.55 648.0
2453561.54791 17.003 0.013 3.99 815.0
2453562.58860 17.017 0.014 4.47 693.0
2453563.63933 16.998 0.011 3.61 591.0
2453564.57710 17.049 0.018 6.06 650.0
2453569.56243 16.975 0.014 4.27 969.0
2453572.81792 16.952 0.026 5.07 3445.0
2453573.64887 17.015 0.017 5.47 857.0
2453574.68880 17.019 0.014 4.39 744.0
2453575.53628 16.964 0.011 3.70 669.0
2453575.77288 16.979 0.014 4.55 772.0
2453576.69016 17.029 0.018 6.19 684.0
2453577.59028 17.003 0.013 4.73 585.0
2453578.67488 16.984 0.012 4.70 554.0
2453579.62032 17.007 0.012 4.31 596.0
2453580.65357 16.991 0.011 4.02 638.0
2453581.67344 16.990 0.011 3.82 562.0
2453582.64530 16.969 0.012 4.36 561.0
2453583.63572 16.981 0.012 4.28 531.0
2453583.75564 17.027 0.017 6.17 759.0
2453584.64440 16.976 0.011 3.87 570.0
2453584.75899 16.984 0.015 5.46 627.0
2453585.63473 16.982 0.011 3.85 506.0
2453586.71980 16.994 0.010 3.32 605.0
2453589.67337 16.986 0.011 3.66 557.0
2453590.65731 17.003 0.011 3.69 596.0
2453591.68087 17.016 0.011 3.19 642.0
2453593.74779 17.004 0.015 5.08 831.0
2453594.71002 17.006 0.014 4.59 662.0
2453601.65856 16.995 0.012 3.47 944.0
2453602.61914 16.990 0.013 4.20 916.0
2453603.63921 16.980 0.014 4.76 716.0
2453607.63755 16.988 0.013 4.53 589.0
2453608.65292 17.004 0.013 4.50 587.0
2453615.58068 17.007 0.014 5.53 563.0
2453618.58229 16.973 0.014 4.57 739.0
2453620.54549 17.003 0.011 3.68 577.0
2453622.52335 17.001 0.014 5.17 651.0
2453628.59953 16.990 0.017 5.32 1070.0
2453630.53885 16.992 0.018 5.49 960.0
2453632.58901 16.953 0.016 5.00 991.0
2453639.54848 16.955 0.011 3.79 684.0
2453641.54692 16.970 0.015 5.22 794.0
2453641.58705 16.986 0.016 5.05 811.0
2453644.50726 17.009 0.015 4.92 767.0
2453648.53906 17.021 0.017 5.95 696.0
2453650.58466 16.963 0.014 4.66 806.0
2453654.54309 17.019 0.019 3.97 1972.0
2453656.52434 17.018 0.014 3.74 1024.0
2453658.55616 16.987 0.020 5.79 1143.0
2453660.52877 16.968 0.016 4.19 1306.0
2453664.50560 17.034 0.015 3.90 974.0
2453669.53117 17.029 0.018 6.04 853.0
2453675.51087 16.959 0.017 5.10 1133.0
2453776.86944 17.023 0.016 5.62 805.0
2453782.85414 17.030 0.020 5.86 915.0
2453784.87943 16.996 0.012 3.59 917.0
2453786.89903 16.999 0.017 4.15 1769.0
2453788.84959 16.998 0.016 4.25 1392.0
2453790.89202 16.973 0.013 3.31 1346.0
2453793.85932 16.994 0.011 3.32 861.0
2453795.84674 16.984 0.016 5.02 934.0
2453798.80994 16.985 0.013 4.20 757.0
2453799.83411 16.965 0.015 4.43 984.0
2453800.82904 16.926 0.014 4.67 771.0
2453801.88851 16.979 0.014 4.37 776.0
2453802.85410 16.965 0.013 4.02 777.0
2453803.88937 16.961 0.011 3.42 821.0
2453805.80584 16.982 0.015 4.85 804.0
2453806.77211 16.957 0.015 5.06 890.0
2453807.79120 17.002 0.017 5.16 1010.0
2453808.79888 16.996 0.015 4.61 1011.0
2453809.88399 17.020 0.014 4.43 947.0
2453810.85060 16.985 0.012 3.40 932.0
2453811.84223 16.995 0.014 4.39 781.0
2453812.83832 17.032 0.015 4.44 920.0
2453813.83115 16.946 0.011 3.74 850.0
2453814.83011 16.956 0.012 3.56 862.0
2453817.86165 17.024 0.014 4.04 1111.0
2453818.89073 16.978 0.012 3.63 817.0
2453819.80845 16.990 0.010 3.29 643.0
2453820.77509 17.001 0.012 3.93 669.0
2453821.77824 16.939 0.012 4.14 663.0
2453822.81764 16.988 0.012 3.99 710.0
2453823.77785 16.948 0.016 6.12 663.0
2453824.74404 17.018 0.017 5.85 765.0
2453825.80887 16.985 0.015 5.23 690.0
2453826.73741 16.994 0.012 5.43 381.0
2453827.80521 16.959 0.011 3.95 589.0
2453828.77984 16.972 0.016 5.48 717.0
2453829.76202 16.980 0.014 4.87 680.0
2453830.73833 17.006 0.013 4.00 784.0
2453831.90748 16.958 0.012 4.35 691.0
2453832.71646 16.997 0.014 4.77 714.0
2453833.76212 16.975 0.012 4.37 623.0
2453834.74756 16.993 0.014 4.59 776.0
2453834.91875 16.974 0.014 4.72 865.0
2453835.73693 16.966 0.015 5.10 800.0
2453836.76797 17.012 0.018 5.69 872.0
2453837.73533 16.947 0.016 5.36 870.0
2453837.90709 17.014 0.012 3.94 810.0
2453838.74712 16.962 0.017 5.64 914.0
2453838.91442 17.010 0.015 4.57 997.0
2453839.74289 16.940 0.016 5.21 974.0
2453840.70888 16.993 0.017 5.21 1108.0
2453840.91383 16.971 0.013 4.15 942.0
2453841.74740 16.997 0.014 4.11 954.0
2453841.89797 16.972 0.013 4.03 1128.0
2453842.85039 17.007 0.012 3.52 1016.0
2453845.72293 17.028 0.024 4.95 2591.0
2453845.91313 17.020 0.015 4.99 791.0
2453846.73358 16.959 0.012 4.01 655.0
2453846.92554 16.970 0.014 4.55 872.0
2453847.79972 16.956 0.016 5.43 762.0
2453848.75468 16.969 0.014 4.83 632.0
2453849.75379 16.988 0.012 3.99 686.0
2453850.69785 16.980 0.013 4.31 712.0
2453850.86957 16.951 0.013 5.01 772.0
2453851.71300 16.981 0.014 5.03 684.0
2453851.87786 16.962 0.014 4.82 725.0
2453851.92400 16.987 0.015 5.10 792.0
2453852.70156 16.994 0.015 5.16 713.0
2453852.87280 17.001 0.013 4.68 699.0
2453853.68999 16.973 0.012 4.21 658.0
2453853.85829 16.969 0.012 4.48 626.0
2453853.92906 16.999 0.012 4.02 827.0
2453856.68002 17.005 0.013 4.13 836.0
2453856.84678 16.980 0.012 3.99 752.0
2453857.91768 16.992 0.013 4.38 778.0
2453858.76642 16.993 0.011 4.05 570.0
2453859.80460 17.004 0.011 4.24 533.0
2453860.67413 17.035 0.015 5.13 753.0
2453860.91296 16.995 0.014 4.93 788.0
2453861.67120 16.958 0.014 5.08 777.0
2453861.77578 16.997 0.012 4.17 652.0
2453862.70488 16.997 0.012 3.92 763.0
2453862.86788 16.961 0.012 4.44 823.0
2453863.63932 16.990 0.015 5.22 851.0
2453863.85701 16.987 0.011 4.14 643.0
2453863.93625 16.985 0.014 3.92 1130.0
2453864.67984 16.954 0.014 4.66 792.0
2453864.86991 17.021 0.012 3.95 635.0
2453865.69067 16.986 0.014 4.61 852.0
2453865.82738 16.980 0.012 3.84 728.0
2453865.90416 16.978 0.012 4.13 674.0
2453866.68911 16.996 0.012 3.87 780.0
2453866.82859 17.003 0.011 3.65 716.0
2453866.90748 16.980 0.011 3.27 740.0
2453867.63197 17.078 0.017 4.39 1322.0
2453867.81763 16.990 0.014 4.23 984.0
2453867.89070 16.991 0.012 4.07 982.0
2453868.71508 17.004 0.015 4.31 1155.0
2453868.86676 17.010 0.017 5.28 1094.0
2453869.69490 16.992 0.013 3.66 1202.0
2453869.87586 16.993 0.015 4.14 1391.0
2453872.89224 17.003 0.015 4.12 1345.0
2453873.64779 16.986 0.014 5.01 760.0
2453873.78988 16.981 0.012 3.98 832.0
2453873.86260 17.007 0.013 4.22 748.0
2453873.93224 16.996 0.014 4.20 882.0
2453874.74686 17.004 0.015 4.94 667.0
2453875.66057 17.005 0.011 3.75 591.0
2453875.80804 16.990 0.011 3.49 707.0
2453875.90697 16.978 0.012 3.96 710.0
2453876.63779 16.965 0.011 4.24 600.0
2453877.63592 16.932 0.012 4.56 566.0
2453877.78724 16.976 0.011 3.87 596.0
2453877.86113 16.981 0.012 4.40 725.0
2453879.66736 16.970 0.010 3.76 534.0
2453880.83679 17.013 0.013 4.71 720.0
2453880.91557 16.999 0.013 4.45 814.0
2453881.66593 16.964 0.011 3.65 728.0
2453881.87747 16.980 0.011 3.76 774.0
2453881.92421 16.963 0.011 3.55 904.0
2453882.75427 16.977 0.012 4.28 643.0
2453882.82850 16.979 0.013 4.70 753.0
2453882.89735 16.960 0.012 4.05 718.0
2453883.64367 17.005 0.016 5.32 749.0
2453883.84130 16.990 0.011 3.92 664.0
2453886.60576 16.947 0.013 4.52 773.0
2453886.79852 16.985 0.011 4.20 611.0
2453886.87035 16.961 0.013 4.68 685.0
2453887.57908 16.973 0.015 5.47 791.0
2453887.78162 16.972 0.011 3.91 631.0
2453887.88129 16.955 0.013 4.46 747.0
2453889.66155 16.982 0.012 4.04 607.0
2453889.93975 17.002 0.015 4.80 917.0
2453890.64080 16.996 0.012 3.84 758.0
2453891.67117 17.018 0.014 4.72 691.0
2453891.79941 17.000 0.013 4.59 705.0
2453891.88140 16.986 0.014 4.69 741.0
2453892.57275 17.000 0.020 6.46 981.0
2453893.62215 16.967 0.014 4.77 749.0
2453893.86681 17.032 0.017 5.48 777.0
2453894.67539 17.046 0.016 5.61 643.0
2453896.61301 17.015 0.020 6.22 1020.0
2453900.53430 16.956 0.017 5.24 1309.0
2453900.71998 16.946 0.017 3.65 1149.0
2453900.79931 16.989 0.013 3.35 3690.0
2453900.86798 16.968 0.013 4.28 980.0
2453901.54443 16.979 0.014 4.75 773.0
2453901.72575 16.926 0.014 4.87 834.0
2453901.80303 16.927 0.014 5.08 786.0
2453901.87198 16.919 0.014 4.34 1003.0
2453902.56710 16.995 0.014 5.00 700.0
2453902.74663 16.968 0.012 4.17 748.0
2453902.86560 17.002 0.015 4.87 930.0
2453903.65479 16.983 0.013 4.53 750.0
2453903.90421 16.984 0.016 4.94 957.0
2453904.55538 16.960 0.012 4.02 725.0
2453904.71847 16.968 0.011 3.45 739.0
2453904.78751 17.001 0.013 4.46 695.0
2453904.88966 16.964 0.014 4.59 855.0
2453905.55219 16.946 0.012 4.00 708.0
2453905.72883 17.011 0.011 3.59 721.0
2453905.79888 16.997 0.011 3.69 723.0
2453905.86745 16.966 0.012 3.78 896.0
2453906.56670 16.996 0.014 4.59 771.0
2453906.70652 16.982 0.013 4.96 673.0
2453906.77964 16.986 0.013 4.50 707.0
2453906.85890 16.974 0.012 3.87 765.0
2453907.59747 16.947 0.013 4.59 652.0
2453907.63765 16.977 0.015 5.35 674.0
2453907.77970 16.997 0.018 6.31 734.0
2453907.83260 16.969 0.017 5.79 824.0
2453907.86425 17.018 0.020 6.31 887.0
2453908.53358 16.990 0.014 4.18 939.0
2453908.71921 16.989 0.013 4.02 738.0
2453908.73706 16.977 0.013 4.41 748.0
2453908.76450 16.985 0.012 4.15 694.0
2453908.79931 16.973 0.012 4.52 660.0
2453908.87888 17.009 0.014 4.61 818.0
2453909.53537 16.950 0.015 4.97 855.0
2453909.71816 16.996 0.011 3.97 564.0
2453909.80863 16.996 0.011 4.12 615.0
2453909.88489 16.990 0.014 4.44 849.0
2453910.56482 16.991 0.014 4.72 784.0
2453912.53459 16.978 0.010 3.12 752.0
2453912.72192 16.968 0.010 4.02 566.0
2453912.81580 17.004 0.011 4.02 584.0
2453913.52606 16.979 0.011 3.66 724.0
2453913.73150 16.993 0.013 5.00 692.0
2453913.82042 16.973 0.011 3.45 684.0
2453914.54986 16.985 0.015 5.04 763.0
2453915.52758 16.953 0.013 4.35 805.0
2453915.72958 16.985 0.014 5.33 613.0
2453915.82778 16.938 0.012 4.21 639.0
2453916.56628 16.957 0.015 5.84 691.0
2453916.81019 16.964 0.014 5.11 650.0
2453917.61498 16.998 0.016 5.71 732.0
2453917.82070 17.005 0.015 5.13 763.0
2453918.60829 16.980 0.013 4.64 703.0
2453918.81847 16.969 0.016 5.69 727.0
2453919.54523 16.968 0.018 6.20 879.0
2453919.75524 17.024 0.011 4.48 586.0
2453920.51294 16.979 0.013 4.46 721.0
2453920.70904 16.975 0.014 5.64 683.0
2453920.79438 16.985 0.012 4.03 670.0
2453921.50911 16.970 0.013 3.69 923.0
2453921.70835 17.019 0.019 5.73 750.0
2453921.72284 17.029 0.019 6.70 748.0
2453922.71277 17.011 0.017 6.35 684.0
2453930.54603 17.008 0.013 4.51 800.0
2453930.78784 17.019 0.019 5.97 1033.0
2453931.50165 17.014 0.016 5.18 834.0
2453932.52926 16.980 0.014 4.30 815.0
2453932.80100 16.947 0.014 4.40 816.0
2453933.51569 16.988 0.012 3.75 816.0
2453933.70012 16.966 0.011 4.32 634.0
2453933.77213 16.970 0.012 4.10 723.0
2453934.48958 16.957 0.013 4.21 808.0
2453934.65962 16.978 0.011 4.14 590.0
2453934.72945 16.983 0.012 4.22 658.0
2453935.53946 16.999 0.012 4.03 705.0
2453935.71079 17.005 0.016 5.80 604.0
2453935.80835 16.985 0.016 5.26 807.0
2453936.49286 17.015 0.017 5.38 777.0
2453936.65834 16.970 0.012 4.17 639.0
2453936.73474 17.029 0.014 4.34 795.0
2453937.55713 17.029 0.019 6.93 654.0
2453938.50065 16.975 0.016 5.19 814.0
2453938.69566 17.015 0.011 5.08 498.0
2453938.80080 16.992 0.016 5.60 656.0
2453940.58529 16.927 0.011 4.54 655.0
2453941.70190 17.000 0.016 6.32 551.0
2453944.55321 16.955 0.012 4.84 682.0
2453944.75357 17.038 0.013 4.59 660.0
2453945.78145 16.973 0.014 4.86 692.0
2453946.51231 16.950 0.015 5.58 733.0
2453946.70451 17.001 0.015 5.89 579.0
2453950.52113 17.012 0.013 4.47 642.0
2453950.73618 17.003 0.015 5.30 650.0
2453951.51387 17.020 0.014 4.61 740.0
2453951.74514 16.959 0.016 5.56 837.0
2453956.60687 17.021 0.016 5.04 963.0
2453957.50549 17.025 0.016 4.48 1479.0
2453958.57628 16.981 0.013 4.27 750.0
2453959.50904 16.994 0.014 4.83 706.0
2453959.68349 17.007 0.014 4.62 756.0
2453960.49830 16.977 0.012 3.98 689.0
2453960.67738 17.019 0.011 3.48 704.0
2453961.56962 17.027 0.015 4.73 802.0
2453963.53092 16.987 0.012 4.36 629.0
2453963.70831 17.028 0.015 5.15 617.0
2453964.52601 17.017 0.012 3.88 700.0
2453964.73474 17.016 0.014 4.86 637.0
2453965.51047 16.992 0.011 3.56 642.0
2453965.70175 16.972 0.011 3.89 604.0
2453966.48564 16.992 0.014 4.47 789.0
2453966.68738 17.006 0.013 4.43 625.0
2453967.52002 17.015 0.016 5.51 700.0
2453967.71281 16.975 0.013 4.75 598.0
2453968.49814 17.025 0.015 5.51 802.0
2453968.66806 16.987 0.013 4.37 651.0
2453969.47977 16.957 0.014 4.95 670.0
2453969.68043 16.998 0.015 5.43 604.0
2453970.50887 16.978 0.015 5.54 683.0
2453970.68747 17.022 0.013 4.36 591.0
2453971.55274 17.017 0.016 5.48 629.0
2453973.57893 16.969 0.013 5.00 562.0
2453974.50822 17.001 0.014 5.16 679.0
2453974.69477 17.013 0.017 6.28 662.0
2453975.51113 16.971 0.012 4.61 648.0
2453975.68297 16.946 0.015 5.42 688.0
2453976.50568 16.961 0.012 4.16 650.0
2453976.68168 16.990 0.016 5.54 778.0
2453979.50792 17.015 0.022 5.72 1666.0
2453982.56856 16.995 0.013 4.33 825.0
2453982.58587 17.001 0.013 3.70 968.0
2453983.52619 17.043 0.021 4.80 1894.0
2453986.58300 17.012 0.015 4.62 835.0
2453987.50536 16.997 0.015 5.25 716.0
2453988.51485 16.994 0.011 3.97 616.0
2453989.52886 17.036 0.013 4.61 684.0
2453990.54570 16.993 0.016 5.73 668.0
2453991.50143 16.979 0.018 6.64 672.0
2453993.55318 16.976 0.016 6.19 619.0
2453994.56382 16.996 0.015 5.17 682.0
2453995.57142 16.982 0.011 3.88 645.0
2453999.58668 16.980 0.013 4.17 682.0
2454002.49491 16.981 0.014 4.66 694.0
2454003.49239 16.953 0.013 4.72 718.0
2454004.52649 16.995 0.012 3.86 715.0
2454006.51944 17.007 0.013 4.07 723.0
2454012.49937 17.033 0.019 6.44 809.0
2454016.51497 17.013 0.017 5.85 857.0
2454018.55207 17.045 0.016 4.54 777.0
2454020.53801 16.900 0.015 6.08 805.0
2454023.53833 16.995 0.016 4.87 1054.0
2454025.55772 17.005 0.015 4.99 873.0
2454028.49714 17.047 0.019 5.94 844.0
2454031.49721 16.983 0.017 5.40 960.0
2454038.50256 16.981 0.019 6.02 965.0
2454040.51694 16.976 0.019 5.64 1019.0
2454041.49912 17.023 0.022 5.88 1402.0
2454043.50934 16.933 0.019 5.60 1333.0
2454141.87697 16.981 0.016 4.36 1103.0
2454150.89212 16.957 0.017 4.72 1256.0
2454153.88004 16.971 0.016 4.91 892.0
2454156.85844 16.993 0.018 5.54 904.0
2454158.87801 17.000 0.017 5.44 957.0
2454161.84598 17.002 0.019 5.43 1171.0
2454163.82886 16.969 0.015 3.54 1448.0
2454165.81026 16.945 0.020 5.44 1674.0
2454168.80744 16.984 0.017 4.54 1192.0
2454170.79941 16.973 0.024 4.49 4375.0
2454175.79002 16.982 0.018 5.78 910.0
2454176.90138 16.960 0.014 3.90 895.0
2454178.80512 16.945 0.015 4.42 807.0
2454179.84946 16.971 0.014 3.92 887.0
2454181.78584 16.962 0.017 5.39 816.0
2454182.83082 16.967 0.013 3.72 759.0
2454183.86695 16.970 0.016 5.10 840.0
2454184.90756 16.973 0.012 3.57 745.0
2454189.84278 16.984 0.016 5.22 799.0
2454191.80787 16.952 0.019 5.92 1001.0
2454193.74224 16.963 0.023 6.50 1334.0
2454194.78775 16.962 0.016 4.94 962.0
2454196.77787 16.943 0.017 4.98 1070.0
2454202.75939 16.968 0.014 4.47 910.0
2454203.74739 16.967 0.012 3.29 732.0
2454204.73969 16.983 0.016 4.77 899.0
2454204.92198 16.964 0.014 3.78 917.0
2454205.73622 16.962 0.014 4.55 708.0
2454207.72568 16.971 0.015 4.62 878.0
2454208.74776 16.953 0.014 4.79 793.0
2454211.79194 16.996 0.017 5.34 786.0
2454212.86910 16.978 0.020 6.06 758.0
2454212.89050 16.957 0.019 5.81 777.0
2454212.91084 16.970 0.019 6.12 789.0
2454213.71231 16.968 0.017 5.38 807.0
2454213.77199 16.952 0.013 4.07 770.0
2454213.91586 16.961 0.013 3.77 859.0
2454215.74501 16.987 0.018 5.67 799.0
2454216.70279 16.980 0.016 4.71 863.0
2454216.92718 16.978 0.018 5.14 927.0
2454217.71024 16.985 0.014 3.95 882.0
2454217.91388 16.978 0.013 3.81 829.0
2454218.75985 16.992 0.019 5.72 841.0
2454219.75803 17.005 0.016 4.56 813.0
2454219.80957 16.971 0.014 4.18 823.0
2454220.65774 17.010 0.023 6.62 1113.0
2454220.70277 16.979 0.018 5.14 926.0
2454220.92493 16.981 0.022 6.41 1011.0
2454220.93101 16.907 0.025 7.54 1323.0
2454221.65638 16.984 0.022 6.14 1224.0
2454222.67149 16.988 0.020 5.31 1286.0
2454222.91622 16.943 0.014 3.98 1172.0
2454224.78495 16.983 0.016 4.19 1265.0
2454227.88062 16.968 0.017 5.10 1274.0
2454228.64118 16.955 0.018 5.24 1283.0
2454228.68037 16.970 0.015 4.12 1029.0
2454228.91396 16.969 0.019 5.69 1315.0
2454229.67404 16.967 0.017 5.23 948.0
2454229.87101 16.987 0.015 4.55 982.0
2454229.93821 16.965 0.017 4.63 1605.0
2454230.68377 16.972 0.014 4.02 775.0
2454230.87180 16.980 0.017 5.08 956.0
2454230.93669 17.028 0.025 6.31 1376.0
2454231.62610 16.974 0.016 4.88 967.0
2454231.77031 16.966 0.012 3.86 970.0
2454231.89450 16.994 0.018 5.15 1027.0
2454231.93761 16.970 0.022 5.51 1769.0
2454232.62919 17.035 0.019 5.89 1093.0
2454232.67816 16.978 0.019 5.91 1107.0
2454232.83918 16.993 0.021 6.22 1124.0
2454233.80996 17.009 0.019 5.94 991.0
2454234.71162 16.956 0.016 4.96 919.0
2454235.63965 16.991 0.016 4.41 1020.0
2454235.80087 16.990 0.013 3.76 823.0
2454235.89331 16.972 0.014 4.21 877.0
2454238.62554 16.966 0.020 6.11 1026.0
2454238.87799 16.972 0.017 5.16 1078.0
2454239.62644 17.043 0.021 6.16 888.0
2454240.67966 16.961 0.016 4.91 819.0
2454240.81692 16.968 0.015 4.80 861.0
2454243.64549 16.976 0.018 5.66 886.0
2454243.73820 16.970 0.015 4.62 823.0
2454243.83196 16.970 0.018 5.44 859.0
2454244.61786 16.965 0.019 5.59 985.0
2454244.71408 16.969 0.015 4.56 847.0
2454244.80690 16.976 0.015 4.56 912.0
2454245.61093 16.963 0.015 5.20 671.0
2454245.70484 16.982 0.014 4.41 725.0
2454245.80068 16.956 0.013 4.26 748.0
2454246.66926 16.959 0.015 4.68 824.0
2454246.76211 16.968 0.015 4.95 864.0
2454246.85543 16.990 0.017 5.42 952.0
2454247.68446 16.989 0.015 4.64 905.0
2454247.82805 16.990 0.016 5.19 853.0
2454250.73262 16.984 0.015 4.24 1082.0
2454251.80421 16.943 0.022 5.76 1566.0
2454256.62034 16.961 0.020 5.27 1482.0
2454256.76634 16.985 0.020 5.93 1058.0
2454257.65198 16.981 0.018 5.18 930.0
2454258.63554 16.988 0.019 5.76 845.0
2454258.75800 16.978 0.016 4.85 873.0
2454258.85213 16.953 0.017 5.45 997.0
2454267.59612 16.994 0.019 5.23 900.0
2454268.55933 16.958 0.015 5.74 841.0
2454268.84219 16.959 0.014 4.24 919.0
2454269.57854 16.986 0.015 4.35 856.0
2454269.69908 16.968 0.014 4.71 708.0
2454269.78832 16.969 0.013 4.76 727.0
2454270.57209 16.980 0.016 5.20 978.0
2454272.60044 16.966 0.014 3.99 951.0
2454272.74959 16.957 0.014 4.29 777.0
2454272.80883 16.987 0.015 4.78 900.0
2454272.88037 17.002 0.020 5.37 1288.0
2454273.61756 17.030 0.021 6.21 906.0
2454273.79821 16.973 0.017 4.87 1153.0
2454273.85935 17.023 0.024 6.46 1243.0
2454274.55020 16.961 0.018 5.44 1122.0
2454274.70397 16.997 0.018 5.37 938.0
2454274.76509 16.932 0.016 5.00 962.0
2454274.82349 16.970 0.015 4.99 1011.0
2454275.60265 16.991 0.015 4.30 905.0
2454275.77799 16.957 0.016 4.54 1071.0
2454275.83648 17.025 0.020 5.35 1228.0
2454276.58742 16.988 0.019 5.55 934.0
2454277.53122 16.936 0.021 6.10 1202.0
2454277.70813 17.010 0.015 4.19 911.0
2454277.76682 16.957 0.018 5.49 930.0
2454277.82546 16.944 0.022 6.63 1112.0
2454278.57551 16.994 0.020 5.47 1143.0
2454278.75228 16.972 0.020 6.12 1008.0
2454283.51065 16.964 0.017 4.33 1449.0
2454283.73096 16.957 0.020 4.82 1622.0
2454284.50559 16.997 0.018 4.75 1129.0
2454284.69575 16.988 0.016 4.21 1079.0
2454284.75852 17.002 0.016 4.11 1089.0
2454284.82335 17.016 0.020 4.77 1365.0
2454285.50869 16.971 0.020 5.25 1221.0
2454285.69681 17.002 0.017 5.12 956.0
2454285.76327 16.991 0.016 4.56 896.0
2454285.82856 16.989 0.017 4.83 1052.0
2454286.50838 16.961 0.018 5.10 1098.0
2454286.80556 16.949 0.017 4.80 1780.0
2454289.51621 16.999 0.019 5.21 1027.0
2454289.73474 16.995 0.016 4.77 911.0
2454289.79987 16.975 0.017 4.90 938.0
2454290.56252 17.001 0.020 6.24 790.0
2454291.62513 16.979 0.014 4.18 804.0
2454291.78783 16.993 0.021 6.53 815.0
2454292.49078 16.941 0.013 3.79 989.0
2454292.66997 16.966 0.013 3.95 821.0
2454292.72854 16.970 0.013 4.13 780.0
2454292.78709 16.984 0.013 3.81 858.0
2454293.49112 16.996 0.016 4.41 884.0
2454293.71571 16.972 0.014 4.12 721.0
2454293.77451 16.956 0.015 4.44 776.0
2454294.49029 16.983 0.016 4.37 953.0
2454295.49742 16.988 0.016 4.92 807.0
2454295.69543 16.949 0.013 4.31 611.0
2454295.75400 16.967 0.012 4.00 607.0
2454296.49438 16.960 0.017 4.93 876.0
2454296.69097 16.985 0.015 5.07 649.0
2454296.82385 16.951 0.019 6.18 812.0
2454297.51399 16.980 0.017 5.15 830.0
2454297.71559 16.962 0.012 4.48 650.0
2454298.54886 16.973 0.018 5.70 736.0
2454298.65458 16.958 0.016 5.13 657.0
2454298.75420 16.970 0.018 5.95 731.0
2454299.53187 16.981 0.013 3.82 755.0
2454299.62489 16.955 0.012 3.83 670.0
2454299.71707 16.976 0.013 4.08 627.0
2454299.81164 17.003 0.018 5.84 728.0
2454300.52756 16.986 0.016 5.27 788.0
2454300.64762 16.961 0.014 4.76 645.0
2454300.74316 16.983 0.014 4.43 725.0
2454301.51844 16.965 0.013 3.88 921.0
2454301.61421 16.972 0.013 4.21 802.0
2454301.71484 16.973 0.014 4.59 735.0
2454301.80516 16.972 0.015 5.07 757.0
2454302.59141 16.964 0.016 5.33 753.0
2454302.69159 16.976 0.016 5.23 707.0
2454303.67746 16.966 0.019 6.31 681.0
2454304.55156 16.921 0.017 5.05 1182.0
2454304.66967 16.975 0.021 5.96 1076.0
2454306.63551 16.922 0.015 4.70 892.0
2454306.68915 16.956 0.017 5.50 873.0
2454310.61471 16.991 0.019 4.26 1854.0
2454311.76339 16.958 0.025 6.57 1663.0
2454312.54700 16.958 0.019 5.29 1319.0
2454312.74544 16.982 0.016 4.89 960.0
2454316.71118 16.959 0.017 5.25 862.0
2454317.55926 16.973 0.014 4.10 727.0
2454319.77136 17.003 0.018 5.57 874.0
2454320.54332 16.972 0.015 4.45 741.0
2454326.51058 17.006 0.016 4.95 821.0
2454326.70776 16.956 0.017 5.57 704.0
2454327.58909 16.997 0.020 6.14 747.0
2454327.73037 17.000 0.021 6.34 874.0
2454328.51589 16.992 0.017 4.73 965.0
2454328.69392 16.980 0.016 4.90 878.0
2454329.52576 16.987 0.016 4.89 812.0
2454329.67363 16.977 0.017 5.24 771.0
2454330.49678 16.976 0.016 4.80 843.0
2454330.69004 17.010 0.015 4.28 786.0
2454331.47689 16.946 0.019 5.65 1036.0
2454331.68575 16.981 0.019 6.32 725.0
2454332.50667 16.993 0.013 3.76 821.0
2454333.52775 16.974 0.017 4.80 952.0
2454333.68888 16.983 0.018 5.61 837.0
2454334.50112 17.012 0.026 6.26 1745.0
2454334.62934 16.990 0.029 5.01 4226.0
2454338.50097 16.995 0.017 4.36 1343.0
2454339.47835 16.991 0.018 4.86 1421.0
2454339.69478 17.015 0.024 6.54 1273.0
2454340.59863 17.011 0.017 4.46 1108.0
2454341.50166 16.966 0.020 5.72 1073.0
2454342.53086 16.981 0.017 4.80 904.0
2454343.50967 16.995 0.013 3.65 920.0
2454344.53790 17.024 0.020 5.50 967.0
2454345.50311 16.971 0.013 3.68 889.0
2454346.51578 16.981 0.018 5.36 948.0
2454347.53048 16.995 0.017 5.18 798.0
2454349.49170 16.984 0.017 5.12 850.0
2454350.53879 17.001 0.015 4.25 833.0
2454351.50468 16.964 0.015 4.52 821.0
2454352.55522 16.983 0.021 6.56 849.0
2454353.50858 16.989 0.014 4.15 932.0
2454354.53729 16.975 0.014 4.41 861.0
2454355.53892 16.996 0.016 5.23 922.0
2454356.50530 17.019 0.016 4.70 832.0
2454357.53437 17.028 0.020 6.07 872.0
2454358.49741 16.973 0.018 5.80 909.0
2454359.53497 16.965 0.016 5.20 824.0
2454360.55947 16.994 0.018 5.66 860.0
2454361.56772 16.948 0.020 6.07 1018.0
2454362.50947 16.959 0.019 5.02 1604.0
2454365.56028 16.965 0.021 6.03 1184.0
2454367.48637 16.985 0.016 4.65 1230.0
2454368.53000 16.962 0.020 5.84 1105.0
2454370.48728 16.993 0.019 5.17 1114.0
2454371.53245 16.963 0.015 4.44 1015.0
2454372.51821 16.968 0.013 3.99 847.0
2454373.50438 16.936 0.018 5.56 986.0
2454376.56910 16.973 0.022 6.67 985.0
2454377.60635 16.981 0.019 5.71 989.0
2454378.51689 16.970 0.017 5.18 837.0
2454379.53194 16.955 0.020 6.25 933.0
2454380.54343 16.941 0.015 4.65 893.0
2454381.52211 16.973 0.022 6.72 1130.0
2454382.56466 16.929 0.019 5.87 1062.0
2454383.55519 16.989 0.019 5.48 1121.0
2454384.52937 16.966 0.019 5.71 907.0
2454387.58608 16.997 0.017 4.86 1112.0
2454393.52922 16.999 0.017 4.93 1123.0
2454394.54456 17.008 0.019 4.89 1216.0
2454395.51598 16.984 0.018 5.04 1183.0
2454396.50797 16.991 0.023 6.09 1388.0
2454397.53227 17.012 0.021 5.44 1436.0
2454398.53721 16.959 0.018 5.05 1405.0
2454399.52987 16.974 0.020 5.17 1332.0
2454400.53194 16.984 0.022 5.81 1571.0
2454402.54837 16.927 0.021 6.55 1127.0
2454403.54741 17.004 0.021 5.48 1174.0
2454408.53819 16.989 0.021 6.08 1241.0
2454507.85354 15.940 0.009 6.47 973.0
2454510.85891 15.823 0.007 5.27 943.0
2454513.86004 15.637 0.005 4.64 928.0
2454517.85915 16.101 0.011 6.53 1252.0
2454519.88012 16.192 0.007 4.01 902.0
2454522.87402 16.336 0.012 6.59 1016.0
2454524.80991 16.427 0.010 4.71 1149.0
2454530.81751 16.613 0.009 3.87 874.0
2454533.85111 16.683 0.012 4.83 813.0
2454535.83536 16.748 0.016 6.32 813.0
2454536.89378 16.738 0.012 4.64 758.0
2454537.87943 16.749 0.010 3.98 657.0
2454538.81454 16.791 0.013 4.69 859.0
2454539.85261 16.780 0.012 5.15 741.0
2454540.79876 16.833 0.011 3.63 851.0
2454541.79148 16.812 0.011 4.29 756.0
2454542.78618 16.846 0.016 6.41 833.0
2454543.78170 16.832 0.013 4.72 862.0
2454544.77861 16.837 0.014 5.01 1003.0
2454545.78492 16.853 0.013 4.41 1007.0
2454546.79206 16.857 0.013 4.70 1014.0
2454547.78601 16.905 0.013 4.14 1091.0
2454548.79700 16.889 0.016 5.36 1064.0
2454550.74003 16.916 0.017 5.87 1039.0
2454551.76322 16.924 0.014 4.25 1020.0
2454552.75915 16.874 0.023 5.09 2853.0
2454556.75525 16.925 0.012 4.09 710.0
2454557.77249 16.922 0.013 4.97 724.0
2454558.74944 16.890 0.012 4.32 717.0
2454558.91923 16.937 0.013 3.58 1166.0
2454559.74734 16.883 0.012 4.88 655.0
2454560.74745 16.935 0.012 4.57 637.0
2454561.73752 16.916 0.013 4.78 763.0
2454561.92370 16.921 0.014 3.39 1674.0
2454564.72770 16.922 0.013 4.70 693.0
2454564.92819 16.946 0.016 4.44 1263.0
2454565.72580 16.937 0.011 3.47 692.0
2454565.91663 16.942 0.010 3.04 736.0
2454566.72526 16.925 0.012 4.54 701.0
2454566.92246 16.953 0.012 3.37 1023.0
2454567.71824 16.919 0.013 4.66 782.0
2454567.92413 16.968 0.014 3.53 1261.0
2454568.72687 16.961 0.015 4.96 783.0
2454569.73595 16.926 0.015 5.84 730.0
2454570.72660 16.937 0.016 5.58 809.0
2454571.72121 16.936 0.018 6.30 846.0
2454571.90979 16.939 0.012 3.80 737.0
2454572.74871 16.925 0.012 4.00 805.0
2454573.73712 16.949 0.014 4.32 901.0
2454573.90347 16.921 0.011 3.53 695.0
2454574.73949 16.951 0.015 5.06 936.0
2454575.74856 16.971 0.014 3.91 958.0
2454576.75508 16.956 0.013 3.70 1064.0
2454577.83677 16.954 0.014 4.32 960.0
2454578.80499 16.912 0.015 5.28 966.0
2454579.86474 16.963 0.019 4.21 2523.0
2454583.73154 16.944 0.016 5.23 981.0
2454583.91768 16.974 0.014 4.73 826.0
2454585.75524 16.966 0.015 5.40 782.0
2454586.78046 16.986 0.017 5.82 776.0
2454587.76816 16.940 0.016 5.50 770.0
2454587.92672 16.914 0.019 6.14 937.0
2454588.69068 16.975 0.016 5.13 830.0
2454588.92153 16.914 0.013 4.10 840.0
2454589.67358 16.979 0.015 5.12 816.0
2454589.82898 16.982 0.015 4.62 738.0
2454589.89100 16.972 0.015 5.14 787.0
2454590.69638 16.993 0.016 4.87 888.0
2454590.89885 16.954 0.013 3.79 899.0
2454591.70485 16.980 0.014 4.39 931.0
2454591.82976 16.986 0.013 4.08 850.0
2454591.89686 16.955 0.014 4.21 924.0
2454592.66348 16.935 0.015 4.81 1122.0
2454592.85275 17.004 0.017 4.47 1103.0
2454592.93109 16.972 0.015 4.32 1320.0
2454593.65262 16.964 0.015 5.24 870.0
2454593.86231 16.976 0.013 3.72 912.0
2454594.67368 16.944 0.014 5.19 799.0
2454594.86868 16.941 0.014 4.57 888.0
2454594.93417 16.974 0.016 4.82 1056.0
2454595.66316 16.979 0.015 5.27 799.0
2454595.85756 16.968 0.014 4.63 746.0
2454595.91944 16.940 0.016 5.44 779.0
2454596.65836 16.991 0.016 5.12 788.0
2454597.68282 16.967 0.014 4.77 713.0
2454597.87433 16.987 0.015 4.54 856.0
2454598.65913 16.957 0.011 3.49 641.0
2454598.92778 16.960 0.015 4.65 953.0
2454599.63157 16.963 0.017 5.47 919.0
2454599.92213 16.958 0.016 5.03 902.0
2454600.64085 16.974 0.013 4.19 732.0
2454600.84954 16.976 0.012 3.57 842.0
2454601.64640 16.934 0.012 3.90 866.0
2454601.86265 16.960 0.013 4.02 713.0
2454601.92452 16.949 0.014 5.07 752.0
2454602.63905 16.968 0.012 3.82 828.0
2454602.84847 16.973 0.012 3.69 800.0
2454603.76650 16.985 0.015 4.96 849.0
2454606.64031 16.942 0.014 3.89 1295.0
2454606.89541 16.994 0.015 3.95 1326.0
2454610.73649 16.983 0.012 3.46 972.0
2454610.94368 16.962 0.018 4.36 2010.0
2454611.62583 16.984 0.017 5.28 961.0
2454611.81668 16.986 0.013 3.46 957.0
2454612.64720 16.985 0.016 4.69 1146.0
2454615.78893 16.948 0.015 4.57 843.0
2454616.59794 16.933 0.018 6.08 897.0
2454616.81445 16.987 0.016 5.19 749.0
2454616.88445 16.970 0.016 4.78 945.0
2454617.66694 16.970 0.014 4.65 762.0
2454618.60970 16.954 0.015 4.85 812.0
2454620.63471 16.965 0.020 6.45 929.0
2454621.90921 16.941 0.012 4.09 988.0
2454621.93037 16.962 0.013 4.50 1020.0
2454622.56953 16.946 0.019 6.54 987.0
2454622.80814 16.924 0.014 4.28 834.0
2454622.91879 17.027 0.022 6.47 1142.0
2454623.63246 17.024 0.021 6.83 751.0
2454623.86725 16.967 0.017 5.00 1060.0
2454624.58721 16.976 0.016 5.25 953.0
2454624.81137 16.963 0.016 4.97 797.0
2454624.87773 17.009 0.015 4.73 837.0
2454625.60130 17.014 0.019 6.38 821.0
2454625.79168 17.026 0.018 5.64 916.0
2454625.90763 16.955 0.021 6.85 949.0
2454626.59981 16.970 0.017 5.91 733.0
2454626.85511 16.977 0.018 6.00 787.0
2454627.56027 16.964 0.016 4.74 912.0
2454627.83363 16.947 0.012 4.14 671.0
2454627.91682 16.978 0.014 4.98 757.0
2454628.54681 16.955 0.016 5.11 956.0
2454628.75383 17.011 0.016 5.41 757.0
2454628.81928 16.986 0.017 5.73 769.0
2454628.88916 16.988 0.016 5.01 889.0
2454629.62497 16.951 0.013 4.22 712.0
2454629.82761 16.967 0.015 4.75 895.0
2454629.90561 16.995 0.016 5.39 886.0
2454630.56090 16.980 0.017 5.39 953.0
2454630.76674 16.957 0.013 3.68 855.0
2454630.85011 16.949 0.013 4.03 832.0
2454630.91288 17.001 0.018 5.29 981.0
2454631.56231 16.948 0.012 3.86 915.0
2454631.77805 16.966 0.012 3.94 768.0
2454631.86472 17.012 0.016 4.94 983.0
2454632.56608 16.949 0.013 4.13 1036.0
2454632.85283 16.966 0.015 4.67 1085.0
2454633.56608 16.985 0.013 3.83 1071.0
2454633.67758 16.982 0.012 3.61 908.0
2454633.79335 16.951 0.014 4.24 1014.0
2454638.75111 16.969 0.015 4.25 947.0
2454638.86133 16.996 0.019 4.87 1777.0
2454639.57367 16.977 0.016 4.64 1150.0
2454639.67146 16.959 0.013 3.58 1203.0
2454640.59319 16.972 0.014 4.45 828.0
2454640.72536 16.934 0.014 4.41 749.0
2454640.83037 16.959 0.016 5.18 906.0
2454641.66718 16.979 0.014 4.11 799.0
2454641.77714 16.966 0.015 4.76 841.0
2454642.59107 16.951 0.013 4.20 831.0
2454642.75361 16.958 0.015 5.15 731.0
2454642.82866 16.950 0.016 5.08 918.0
2454643.54888 16.943 0.017 5.80 828.0
2454644.59625 16.966 0.019 6.58 792.0
2454644.85522 16.963 0.015 5.10 789.0
2454645.51932 16.944 0.017 4.89 1195.0
2454645.76778 16.974 0.015 4.28 864.0
2454645.84250 16.993 0.017 5.29 1078.0
2454646.51734 16.959 0.014 4.08 1038.0
2454646.84974 16.968 0.016 5.23 1076.0
2454647.51371 16.982 0.017 3.97 1295.0
2454647.73676 16.988 0.016 4.96 926.0
2454647.84780 16.975 0.018 5.79 1059.0
2454648.49689 16.949 0.017 4.85 1143.0
2454648.71052 16.989 0.016 4.99 791.0
2454648.81438 16.985 0.017 5.52 869.0
2454649.52297 16.948 0.018 5.65 1016.0
2454649.73167 16.975 0.012 3.81 719.0
2454649.85806 16.961 0.017 5.61 1020.0
2454650.50894 16.963 0.017 5.38 1146.0
2454650.77288 16.971 0.014 4.60 742.0
2454650.86657 16.933 0.016 5.33 1032.0
2454651.51229 16.984 0.022 6.08 1135.0
2454651.80745 16.970 0.018 5.59 933.0
2454652.50335 16.940 0.016 4.96 1095.0
2454652.71647 16.970 0.014 4.16 769.0
2454652.79138 16.963 0.015 4.81 826.0
2454652.84111 16.994 0.018 5.65 984.0
2454653.49969 16.974 0.020 6.55 1106.0
2454653.71888 16.958 0.015 4.51 852.0
2454653.78407 16.962 0.017 5.59 909.0
2454654.53850 16.987 0.017 5.69 884.0
2454654.74997 16.947 0.015 4.78 768.0
2454654.81506 16.989 0.023 6.83 1076.0
2454655.49954 16.963 0.019 5.24 1244.0
2454655.72405 16.945 0.012 3.89 668.0
2454655.78584 16.990 0.015 4.75 836.0
2454656.50153 16.959 0.012 3.55 845.0
2454656.69127 16.979 0.015 4.16 941.0
2454656.81051 16.963 0.017 4.69 1250.0
2454657.72648 16.972 0.018 5.89 770.0
2454658.65986 16.970 0.015 4.98 830.0
2454659.59398 16.991 0.020 6.24 841.0
2454660.61229 16.981 0.016 5.30 889.0
2454661.48957 16.964 0.015 4.03 1334.0
2454661.69025 16.986 0.015 4.08 1021.0
2454661.75174 16.989 0.016 4.31 1109.0
2454661.81894 17.013 0.018 4.87 1302.0
2454665.65702 16.961 0.018 4.32 1584.0
2454666.56248 16.983 0.015 4.36 1222.0
2454666.70555 16.968 0.015 4.37 1087.0
2454666.74769 16.926 0.015 4.47 1138.0
2454670.64716 16.995 0.017 5.21 769.0
2454671.58268 16.967 0.013 4.59 631.0
2454672.50818 16.970 0.012 3.80 843.0
2454672.70066 16.989 0.014 4.56 859.0
2454672.72293 16.972 0.016 5.33 839.0
2454674.51128 17.013 0.018 5.62 824.0
2454674.70441 16.973 0.015 4.83 789.0
2454677.48789 16.977 0.015 4.84 920.0
2454677.63431 16.976 0.015 4.79 732.0
2454677.77679 16.947 0.016 5.69 805.0
2454678.69129 16.988 0.013 4.31 678.0
2454679.49351 16.981 0.019 6.09 820.0
2454681.52929 16.967 0.015 4.98 737.0
2454681.62931 16.987 0.015 4.88 670.0
2454681.76152 16.978 0.016 5.14 905.0
2454682.50029 16.997 0.014 4.21 851.0
2454682.65762 16.974 0.014 4.72 672.0
2454682.75285 16.967 0.014 4.54 786.0
2454683.51883 16.949 0.018 6.28 988.0
2454683.70573 16.905 0.018 6.67 703.0
2454684.51138 16.991 0.015 4.44 996.0
2454684.72506 16.999 0.014 4.84 711.0
2454685.49630 17.054 0.020 5.81 937.0
2454685.73128 16.973 0.015 4.64 857.0
2454686.50006 16.973 0.016 4.98 906.0
2454687.48384 16.978 0.015 4.68 880.0
2454687.73934 16.972 0.016 5.26 920.0
2454688.49677 16.988 0.017 4.86 956.0
2454688.68660 16.987 0.015 4.77 761.0
2454688.74841 16.951 0.017 5.63 938.0
2454693.54434 16.974 0.013 4.02 1040.0
2454694.53961 16.952 0.020 6.79 1004.0
2454697.50023 17.010 0.014 4.43 773.0
2454698.50576 16.963 0.013 3.99 724.0
2454699.50193 16.978 0.015 4.84 840.0
2454700.50819 16.968 0.014 4.35 799.0
2454701.50347 16.973 0.015 4.48 846.0
2454702.50197 16.952 0.013 4.34 808.0
2454703.57249 16.959 0.014 4.61 772.0
2454704.64223 16.955 0.013 4.34 716.0
2454705.50567 17.001 0.014 4.89 827.0
2454707.63600 16.954 0.013 4.20 686.0
2454708.53888 17.008 0.017 5.60 778.0
2454709.51499 16.967 0.018 6.01 855.0
2454710.54461 16.974 0.013 4.36 850.0
2454715.58394 16.993 0.019 6.29 878.0
2454715.60096 17.008 0.019 5.72 905.0
2454716.48542 16.994 0.014 3.97 1132.0
2454716.58634 16.941 0.017 4.43 1581.0
2454720.55350 17.019 0.017 4.60 1063.0
2454721.48504 16.997 0.023 6.21 1168.0
2454722.51759 16.964 0.014 4.11 987.0
2454724.50739 17.000 0.018 4.95 1031.0
2454724.54495 16.979 0.016 4.58 1094.0
2454724.58350 17.018 0.020 5.55 1178.0
2454724.61978 16.976 0.020 6.02 1261.0
2454724.65368 16.987 0.021 5.74 1464.0
2454725.48621 16.957 0.020 5.97 1047.0
2454726.54711 16.981 0.020 5.54 952.0
2454728.59223 16.970 0.020 6.77 860.0
2454729.54772 17.007 0.021 6.84 797.0
2454730.56408 16.953 0.015 5.17 783.0
2454731.57097 17.007 0.017 6.00 761.0
2454733.52266 16.958 0.015 4.83 755.0
2454734.55204 16.967 0.017 4.91 837.0
2454737.54294 16.994 0.017 5.79 743.0
2454740.55345 16.974 0.018 6.05 846.0
2454741.56114 16.960 0.014 4.55 857.0
2454743.53609 16.955 0.016 4.94 849.0
2454753.54700 16.954 0.018 5.70 1091.0
2454756.52584 16.976 0.019 6.40 1010.0
2454758.50867 16.959 0.017 4.86 1102.0
2454868.87897 16.960 0.014 3.89 974.0
2454869.86286 16.984 0.015 4.69 950.0
2454873.85169 16.971 0.016 5.27 1184.0
2454874.84617 16.946 0.018 6.10 1205.0
2454877.84599 16.964 0.014 4.41 950.0
2454884.85353 16.961 0.013 3.71 965.0
