2452106.77737 14.721 0.003 5.52 873.0
2452112.76568 14.719 0.003 4.94 780.0
2452128.58275 14.719 0.003 4.25 974.0
2452131.57614 14.725 0.003 4.13 1007.0
2452134.67978 14.720 0.003 6.42 978.0
2452138.55990 14.731 0.003 6.04 895.0
2452143.52890 14.737 0.004 7.75 1032.0
2452158.52784 14.723 0.002 4.57 858.0
2452162.51316 14.740 0.003 5.61 1000.0
2452168.54798 14.734 0.004 6.55 1018.0
2452173.50600 14.727 0.004 7.02 1089.0
2452180.50461 14.720 0.003 4.03 1205.0
2452184.50932 14.728 0.004 7.09 1151.0
2452194.56439 14.728 0.003 4.99 1087.0
2452321.88195 14.722 0.004 5.53 1389.0
2452326.81506 14.730 0.004 5.99 1431.0
2452345.82461 14.722 0.003 3.54 1080.0
2452350.82868 14.730 0.003 3.42 1107.0
2452358.89339 14.733 0.003 4.85 1035.0
2452370.82158 14.734 0.003 5.22 975.0
2452381.82885 14.738 0.003 4.10 912.0
2452384.80172 14.734 0.003 4.18 1014.0
2452388.85949 14.734 0.003 4.36 1026.0
2452391.74551 14.730 0.004 4.83 1567.0
2452396.77699 14.728 0.004 3.56 4555.0
2452400.70495 14.731 0.003 5.03 1060.0
2452402.81921 14.726 0.003 3.76 1071.0
2452404.85184 14.732 0.003 4.06 1019.0
2452406.93579 14.730 0.004 5.60 1447.0
2452415.73265 14.728 0.003 4.97 1070.0
2452417.70947 14.725 0.003 4.92 1083.0
2452426.68762 14.730 0.003 4.46 963.0
2452431.81831 14.722 0.003 4.94 969.0
2452433.74547 14.714 0.003 4.83 1028.0
2452434.81856 14.712 0.003 4.02 1050.0
2452436.59308 14.720 0.003 4.67 1204.0
2452438.62346 14.730 0.003 4.78 991.0
2452440.60492 14.726 0.003 4.89 1021.0
2452442.62219 14.722 0.003 4.42 970.0
2452444.71852 14.725 0.003 4.25 1131.0
2452446.68701 14.736 0.003 4.51 1002.0
2452453.74996 14.730 0.003 4.89 1053.0
2452458.74301 14.732 0.003 5.46 872.0
2452462.73174 14.725 0.003 4.26 859.0
2452463.83239 14.724 0.003 4.11 1043.0
2452466.76229 14.730 0.003 4.96 938.0
2452468.47465 14.719 0.004 6.00 1100.0
2452470.47758 14.726 0.004 5.86 1292.0
2452472.48145 14.712 0.003 5.12 1916.0
2452474.47980 14.734 0.004 5.46 2511.0
2452482.63139 14.721 0.003 5.12 1056.0
2452485.64138 14.735 0.004 6.13 864.0
2452489.71204 14.725 0.003 4.24 902.0
2452492.65740 14.732 0.003 4.12 983.0
2452494.71107 14.726 0.002 4.93 828.0
2452497.51364 14.738 0.003 4.92 951.0
2452499.54962 14.740 0.003 3.90 948.0
2452501.57721 14.728 0.003 4.02 991.0
2452503.50243 14.691 0.005 5.38 6301.0
2452511.55755 14.730 0.004 5.51 1151.0
2452517.49443 14.730 0.004 6.24 1138.0
2452520.68356 14.722 0.003 4.50 965.0
2452526.53779 14.724 0.003 4.77 895.0
2452537.48785 14.742 0.004 6.10 1243.0
2452540.50385 14.730 0.004 5.24 1327.0
2452546.51435 14.737 0.003 4.72 1144.0
2452550.49572 14.731 0.004 7.09 1087.0
2452554.56758 14.731 0.003 4.97 1052.0
2452558.50410 14.725 0.004 5.56 1438.0
2452565.50480 14.732 0.004 5.67 1418.0
2452698.89907 14.727 0.003 5.74 936.0
2452711.88210 14.731 0.003 4.49 834.0
2452721.90379 14.734 0.004 4.41 4507.0
2452730.90269 14.732 0.003 4.07 916.0
2452743.77918 14.730 0.003 3.97 1065.0
2452748.79785 14.727 0.003 4.68 1338.0
2452755.78789 14.733 0.003 4.17 931.0
2452759.78293 14.723 0.003 4.60 1081.0
2452765.79604 14.747 0.003 4.78 1086.0
2452769.78069 14.723 0.002 3.97 886.0
2452782.71894 14.725 0.004 6.00 961.0
2452784.71177 14.728 0.003 3.69 894.0
2452786.59830 14.709 0.004 5.72 1488.0
2452788.69597 14.732 0.003 3.71 1007.0
2452788.73165 14.728 0.003 3.98 928.0
2452788.81973 14.729 0.003 4.62 1053.0
2452788.93236 14.735 0.002 4.05 1181.0
2452789.61901 14.732 0.003 3.58 1106.0
2452789.73310 14.737 0.003 3.62 982.0
2452790.82455 14.729 0.003 4.65 930.0
2452791.71572 14.724 0.003 4.18 893.0
2452791.93904 14.730 0.003 5.43 636.0
2452792.58554 14.732 0.004 6.64 1010.0
2452792.62317 14.724 0.003 5.20 921.0
2452794.61897 14.716 0.003 5.49 1095.0
2452796.57352 14.726 0.003 4.13 1058.0
2452802.58994 14.724 0.004 6.10 1289.0
2452808.63984 14.740 0.003 4.95 1134.0
2452810.57817 14.729 0.003 4.12 1118.0
2452812.57976 14.729 0.003 3.87 1217.0
2452813.82358 14.738 0.003 3.79 1037.0
2452815.60210 14.732 0.003 4.73 905.0
2452816.66782 14.733 0.003 4.57 798.0
2452817.78225 14.724 0.003 4.96 1084.0
2452818.67744 14.730 0.003 4.32 917.0
2452819.77137 14.729 0.003 4.52 1056.0
2452821.66942 14.734 0.003 4.73 1014.0
2452826.66026 14.713 0.002 5.17 669.0
2452826.68916 14.737 0.002 4.66 760.0
2452830.79053 14.731 0.004 4.83 3239.0
2452835.48752 14.730 0.004 4.09 2252.0
2452837.50646 14.724 0.004 6.34 1319.0
2452838.73686 14.737 0.003 4.69 985.0
2452840.50761 14.719 0.003 5.01 1089.0
2452842.56549 14.732 0.003 4.74 1044.0
2452844.62030 14.729 0.003 4.38 899.0
2452848.55979 14.734 0.004 6.59 1089.0
2452851.54619 14.730 0.003 4.26 1046.0
2452853.54994 14.720 0.003 4.79 1014.0
2452854.74554 14.736 0.003 5.56 1000.0
2452857.73259 14.737 0.003 4.68 1108.0
2452862.51378 14.736 0.004 5.49 1319.0
2452864.51149 14.722 0.003 5.18 1285.0
2452867.66502 14.731 0.003 4.93 966.0
2452868.52698 14.729 0.003 4.82 972.0
2452871.49287 14.728 0.003 4.58 977.0
2452875.64264 14.736 0.003 5.31 886.0
2452877.66295 14.736 0.003 4.24 1002.0
2452882.55284 14.720 0.003 5.77 839.0
2452889.53966 14.733 0.004 6.80 1223.0
2452894.58707 14.727 0.003 4.80 1101.0
2452898.64282 14.726 0.003 4.81 1242.0
2452903.54552 14.739 0.002 4.26 871.0
2452908.60365 14.739 0.004 6.25 1031.0
2452912.54945 14.726 0.003 4.29 1122.0
2452926.57301 14.721 0.003 4.13 1225.0
2453044.86716 14.732 0.003 5.01 1192.0
2453055.88322 14.748 0.003 4.26 973.0
2453064.82722 14.722 0.003 4.74 1181.0
2453067.90064 14.728 0.003 3.61 1009.0
2453070.86220 14.722 0.003 4.85 1076.0
2453073.81760 14.730 0.003 4.27 1096.0
2453075.85629 14.726 0.003 4.09 1112.0
2453079.90081 14.730 0.003 3.59 1889.0
2453082.87177 14.740 0.003 4.51 835.0
2453084.91420 14.736 0.003 3.95 1337.0
2453086.84576 14.728 0.003 3.59 770.0
2453088.80322 14.738 0.003 3.71 735.0
2453089.91249 14.723 0.003 4.74 1011.0
2453091.84071 14.731 0.003 5.01 820.0
2453096.87367 14.724 0.003 6.29 869.0
2453098.86270 14.724 0.003 4.00 825.0
2453100.81180 14.730 0.003 4.04 943.0
2453102.87776 14.729 0.003 3.98 1044.0
2453103.78306 14.722 0.003 3.64 1118.0
2453104.90377 14.738 0.005 4.90 8137.0
2453106.85378 14.721 0.003 3.62 1585.0
2453108.77565 14.732 0.003 3.33 895.0
2453109.80783 14.728 0.003 3.79 805.0
2453110.84222 14.723 0.003 4.80 899.0
2453112.80054 14.735 0.003 4.80 701.0
2453113.88156 14.725 0.003 5.25 751.0
2453114.79239 14.727 0.003 4.10 803.0
2453115.87585 14.729 0.003 5.15 839.0
2453122.91837 14.720 0.003 5.43 924.0
2453125.87874 14.742 0.003 5.81 911.0
2453126.90430 14.731 0.003 4.05 975.0
2453127.81854 14.740 0.003 4.64 1021.0
2453128.82822 14.733 0.003 4.61 1001.0
2453130.70614 14.728 0.003 3.98 1374.0
2453131.89528 14.726 0.004 4.96 2074.0
2453135.90747 14.732 0.003 5.05 958.0
2453138.70919 14.728 0.003 4.92 927.0
2453139.88648 14.727 0.003 4.40 880.0
2453140.88627 14.731 0.003 4.79 830.0
2453142.77455 14.735 0.003 4.49 840.0
2453144.79551 14.735 0.003 5.22 782.0
2453146.81814 14.733 0.003 5.53 741.0
2453151.75814 14.727 0.003 6.21 780.0
2453151.91079 14.724 0.003 5.44 945.0
2453152.76222 14.727 0.003 4.74 853.0
2453153.76614 14.748 0.003 5.87 845.0
2453154.82767 14.726 0.003 6.43 893.0
2453156.84743 14.721 0.003 5.35 1058.0
2453158.92154 14.729 0.004 5.86 1605.0
2453162.82241 14.730 0.003 4.29 1152.0
2453163.63530 14.738 0.003 4.07 769.0
2453163.65706 14.733 0.003 4.16 751.0
2453164.74466 14.733 0.003 4.42 825.0
2453165.76477 14.732 0.003 3.97 749.0
2453166.90996 14.720 0.004 6.75 1118.0
2453167.77020 14.741 0.003 6.32 806.0
2453168.75800 14.739 0.003 5.42 819.0
2453169.73435 14.730 0.003 4.78 791.0
2453170.81140 14.743 0.003 3.69 773.0
2453171.83417 14.741 0.002 3.64 829.0
2453172.76115 14.725 0.003 4.44 747.0
2453174.71806 14.720 0.003 3.85 728.0
2453175.72741 14.732 0.003 4.28 823.0
2453177.76458 14.727 0.004 8.16 885.0
2453178.79110 14.738 0.002 4.39 616.0
2453179.80083 14.733 0.003 5.22 853.0
2453180.72975 14.738 0.003 4.09 663.0
2453182.78073 14.728 0.003 5.01 771.0
2453183.74930 14.731 0.003 5.92 779.0
2453184.70710 14.730 0.003 4.17 772.0
2453185.75974 14.727 0.003 4.27 896.0
2453193.54537 14.729 0.003 4.27 829.0
2453194.60394 14.728 0.003 4.45 1033.0
2453195.65594 14.741 0.003 3.79 734.0
2453195.80897 14.743 0.003 3.89 844.0
2453196.55442 14.727 0.003 5.07 904.0
2453197.52191 14.717 0.003 3.67 841.0
2453199.63174 14.727 0.003 5.82 690.0
2453201.52356 14.734 0.002 4.75 868.0
2453202.57797 14.730 0.003 4.99 741.0
2453203.66754 14.722 0.003 4.40 705.0
2453204.66185 14.731 0.003 4.83 656.0
2453205.77549 14.734 0.002 4.75 564.0
2453206.72632 14.738 0.003 4.73 734.0
2453210.55169 14.725 0.003 6.94 972.0
2453211.59214 14.747 0.003 6.02 742.0
2453217.48224 14.732 0.003 3.72 1621.0
2453218.65921 14.715 0.003 4.94 1226.0
2453219.61505 14.728 0.004 6.22 964.0
2453223.66038 14.744 0.003 6.11 846.0
2453224.70587 14.730 0.003 4.26 886.0
2453226.62991 14.728 0.003 6.50 643.0
2453228.60968 14.734 0.003 5.45 717.0
2453229.64216 14.729 0.003 5.25 738.0
2453230.67574 14.734 0.003 4.37 740.0
2453231.57942 14.727 0.003 4.53 828.0
2453232.60691 14.735 0.004 7.91 812.0
2453238.62808 14.728 0.003 6.50 828.0
2453239.70680 14.723 0.003 6.32 773.0
2453240.68794 14.731 0.003 5.72 873.0
2453241.66284 14.732 0.003 5.21 1017.0
2453245.56271 14.719 0.003 4.77 1115.0
2453246.66642 14.732 0.003 5.77 1046.0
2453247.63262 14.726 0.003 4.47 984.0
2453249.53463 14.741 0.003 5.05 829.0
2453250.66728 14.733 0.003 5.27 1169.0
2453253.53507 14.729 0.003 5.25 711.0
2453256.64434 14.728 0.003 5.95 844.0
2453267.54041 14.738 0.003 5.32 999.0
2453272.59581 14.738 0.003 5.78 989.0
2453275.57879 14.729 0.003 6.31 1002.0
2453278.60768 14.710 0.003 4.74 1033.0
2453282.58171 14.725 0.002 3.83 456.0
2453288.55423 14.728 0.002 5.29 699.0
2453293.52485 14.718 0.002 5.08 452.0
2453295.53504 14.733 0.002 4.38 370.0
2453299.55932 14.717 0.001 4.71 349.0
2453314.51954 14.733 0.004 6.46 1371.0
2453409.88570 14.732 0.003 5.39 1017.0
2453414.87418 14.732 0.003 4.80 870.0
2453422.88009 14.741 0.002 5.79 716.0
2453426.87121 14.743 0.003 3.96 950.0
2453429.85323 14.728 0.003 4.48 1085.0
2453432.89666 14.735 0.003 3.20 1577.0
2453442.89913 14.727 0.003 5.06 778.0
2453445.81188 14.745 0.003 3.47 711.0
2453447.86253 14.720 0.003 4.84 826.0
2453449.87517 14.730 0.002 3.81 723.0
2453452.89572 14.735 0.003 3.93 747.0
2453455.83000 14.741 0.003 5.28 1097.0
2453457.86351 14.731 0.003 4.02 878.0
2453459.85872 14.726 0.003 3.85 1061.0
2453467.88854 14.724 0.003 4.64 687.0
2453469.79450 14.731 0.003 3.88 743.0
2453470.80739 14.735 0.002 3.43 676.0
2453472.76986 14.730 0.003 4.30 789.0
2453473.78965 14.725 0.003 5.02 748.0
2453474.78631 14.724 0.003 5.78 719.0
2453475.81190 14.728 0.003 4.20 696.0
2453477.77369 14.729 0.003 4.02 786.0
2453479.77251 14.739 0.002 3.38 682.0
2453480.73268 14.735 0.003 3.95 698.0
2453481.75064 14.724 0.003 3.63 796.0
2453482.72739 14.734 0.003 3.67 873.0
2453496.73019 14.723 0.003 4.58 883.0
2453497.80172 14.742 0.003 4.93 875.0
2453498.92602 14.733 0.003 5.14 878.0
2453499.87290 14.731 0.003 3.90 796.0
2453500.73912 14.740 0.003 3.84 803.0
2453501.82986 14.729 0.002 3.80 850.0
2453502.72861 14.739 0.002 3.16 859.0
2453503.69778 14.732 0.002 3.80 708.0
2453504.71250 14.732 0.003 4.66 683.0
2453506.75637 14.732 0.003 4.69 778.0
2453508.76591 14.728 0.003 6.05 802.0
2453509.73902 14.724 0.003 4.61 717.0
2453510.80875 14.730 0.003 4.20 786.0
2453511.84790 14.729 0.003 3.84 1050.0
2453512.71763 14.730 0.003 4.36 1059.0
2453517.69854 14.730 0.004 6.63 1938.0
2453520.77202 14.717 0.003 4.58 860.0
2453521.72879 14.739 0.002 3.26 894.0
2453522.75671 14.736 0.003 3.62 713.0
2453523.76193 14.724 0.002 3.43 773.0
2453524.90364 14.741 0.003 5.46 976.0
2453525.76009 14.723 0.003 4.24 676.0
2453526.76307 14.738 0.003 4.35 772.0
2453528.68400 14.734 0.003 3.96 671.0
2453529.70626 14.719 0.002 4.02 430.0
2453530.62139 14.739 0.002 3.26 728.0
2453537.74661 14.733 0.002 4.95 651.0
2453538.61792 14.730 0.003 4.36 749.0
2453539.82821 14.742 0.002 3.40 796.0
2453540.66125 14.731 0.003 4.27 908.0
2453544.73345 14.728 0.003 4.43 1585.0
2453546.72680 14.737 0.003 5.38 1492.0
2453547.81961 14.753 0.003 6.56 966.0
2453550.64608 14.734 0.002 3.57 905.0
2453551.64742 14.737 0.002 3.44 739.0
2453552.68203 14.731 0.003 4.66 719.0
2453553.73141 14.734 0.003 5.10 896.0
2453554.66995 14.730 0.003 5.87 804.0
2453555.68834 14.733 0.003 5.92 768.0
2453556.68441 14.738 0.003 4.66 720.0
2453558.54146 14.742 0.003 5.11 923.0
2453558.84015 14.735 0.003 5.40 818.0
2453559.71005 14.734 0.003 4.21 752.0
2453560.61143 14.736 0.003 4.03 720.0
2453561.55639 14.746 0.003 3.52 904.0
2453562.59981 14.744 0.003 5.81 778.0
2453564.58557 14.733 0.003 5.85 768.0
2453573.66865 14.736 0.003 5.19 1036.0
2453574.70005 14.747 0.003 4.62 980.0
2453575.54756 14.743 0.003 3.34 799.0
2453575.78417 14.734 0.003 4.69 997.0
2453576.70140 14.735 0.003 4.88 827.0
2453577.60151 14.732 0.003 4.47 691.0
2453578.68616 14.732 0.003 4.41 686.0
2453579.63167 14.741 0.003 4.29 673.0
2453580.66487 14.747 0.003 5.06 746.0
2453581.68469 14.740 0.003 3.84 672.0
2453582.65657 14.737 0.003 4.78 703.0
2453583.76689 14.738 0.003 5.16 969.0
2453584.65566 14.741 0.002 4.02 684.0
2453585.64600 14.735 0.003 5.54 613.0
2453586.73110 14.736 0.003 3.98 769.0
2453589.68466 14.714 0.003 3.77 697.0
2453590.69375 14.737 0.003 4.69 755.0
2453591.69218 14.733 0.002 3.47 751.0
2453594.72130 14.734 0.003 4.11 868.0
2453601.66984 14.734 0.003 3.96 1138.0
2453602.63046 14.727 0.003 4.42 1105.0
2453603.65049 14.740 0.003 4.51 885.0
2453607.64882 14.734 0.003 4.08 725.0
2453608.66420 14.743 0.003 4.50 772.0
2453615.59194 14.732 0.003 5.18 725.0
2453620.55675 14.734 0.003 4.09 732.0
2453622.53464 14.736 0.003 6.94 837.0
2453628.61548 14.742 0.004 5.95 1404.0
2453630.55017 14.738 0.003 4.74 1150.0
2453632.60182 14.733 0.003 5.82 1258.0
2453634.50089 14.733 0.003 5.02 814.0
2453639.55979 14.741 0.002 3.38 796.0
2453641.55818 14.739 0.004 6.65 1037.0
2453644.51857 14.735 0.003 4.21 919.0
2453648.55170 14.735 0.003 5.95 878.0
2453650.59883 14.741 0.003 6.44 984.0
2453654.55437 14.736 0.003 4.13 2390.0
2453656.53563 14.736 0.003 4.57 1193.0
2453658.56746 14.713 0.003 5.75 1353.0
2453660.54014 14.731 0.003 4.31 1473.0
2453664.54130 14.736 0.003 3.70 1110.0
2453669.54081 14.722 0.003 5.50 997.0
2453675.52218 14.731 0.003 4.60 1247.0
2453776.88070 14.730 0.003 5.03 1016.0
2453782.86534 14.730 0.003 4.22 928.0
2453784.89062 14.733 0.002 3.39 1647.0
2453787.85260 14.729 0.003 3.94 990.0
2453790.88334 14.735 0.003 3.91 1269.0
2453792.87994 14.736 0.002 3.23 740.0
2453794.83693 14.732 0.003 5.51 785.0
2453796.82648 14.727 0.003 4.72 815.0
2453798.79763 14.738 0.003 5.13 846.0
2453799.87129 14.739 0.003 5.45 956.0
2453800.89764 14.727 0.003 4.92 778.0
2453801.87983 14.725 0.003 4.73 818.0
2453802.84534 14.741 0.003 3.95 853.0
2453803.88067 14.741 0.002 3.45 853.0
2453805.79667 14.722 0.003 4.85 904.0
2453806.81680 14.736 0.003 4.58 846.0
2453807.83050 14.738 0.003 4.90 1017.0
2453808.79019 14.733 0.003 4.05 1064.0
2453809.79303 14.728 0.002 3.57 1084.0
2453810.83758 14.725 0.002 3.63 998.0
2453811.83356 14.730 0.003 4.34 856.0
2453812.82534 14.729 0.003 4.98 963.0
2453813.80399 14.728 0.002 3.77 897.0
2453814.81821 14.752 0.003 3.58 948.0
2453817.84961 14.728 0.003 4.26 1322.0
2453819.79600 14.740 0.002 3.21 687.0
2453820.76631 14.736 0.002 3.68 757.0
2453821.76940 14.733 0.003 3.99 739.0
2453822.80884 14.723 0.003 4.45 777.0
2453823.76497 14.730 0.003 4.10 718.0
2453824.78242 14.736 0.003 5.15 821.0
2453825.79985 14.729 0.003 4.90 750.0
2453827.79570 14.726 0.002 4.44 661.0
2453828.76927 14.741 0.003 6.41 799.0
2453829.80460 14.735 0.002 3.57 694.0
2453830.72628 14.730 0.003 4.30 873.0
2453831.88952 14.724 0.003 3.78 793.0
2453832.74785 14.733 0.003 4.20 707.0
2453833.75557 14.738 0.002 4.06 674.0
2453834.73454 14.738 0.003 4.71 864.0
2453835.73032 14.726 0.003 4.96 893.0
2453835.78453 14.732 0.003 3.70 757.0
2453836.75867 14.739 0.003 5.71 954.0
2453837.72523 14.729 0.003 4.53 966.0
2453837.89805 14.742 0.002 3.85 884.0
2453838.73269 14.733 0.003 5.46 1027.0
2453839.73401 14.733 0.003 5.73 1077.0
2453840.76021 14.724 0.003 3.93 993.0
2453841.71545 14.731 0.003 4.55 1053.0
2453842.84027 14.743 0.003 3.65 1050.0
2453845.71374 14.738 0.003 4.39 3060.0
2453845.90163 14.739 0.004 5.25 2232.0
2453846.72466 14.740 0.002 3.63 745.0
2453848.74587 14.743 0.003 5.49 708.0
2453849.74505 14.732 0.003 3.70 780.0
2453850.68884 14.731 0.003 4.09 809.0
2453850.86080 14.727 0.003 4.37 801.0
2453850.93227 14.727 0.004 5.37 1432.0
2453851.70404 14.725 0.003 5.66 772.0
2453851.86729 14.746 0.003 5.07 775.0
2453852.69276 14.732 0.003 4.83 797.0
2453852.92129 14.737 0.003 5.11 795.0
2453853.68102 14.745 0.003 4.19 735.0
2453853.84866 14.739 0.002 3.77 660.0
2453853.92020 14.734 0.002 3.75 735.0
2453854.69765 14.740 0.003 4.64 724.0
2453856.67106 14.741 0.003 4.34 913.0
2453856.83736 14.740 0.003 4.50 815.0
2453857.90895 14.734 0.002 4.03 849.0
2453858.72755 14.732 0.003 5.15 695.0
2453859.79013 14.741 0.003 4.46 688.0
2453861.65992 14.732 0.003 4.91 908.0
2453861.76692 14.739 0.002 3.87 723.0
2453862.66495 14.732 0.003 4.66 907.0
2453862.85531 14.734 0.003 4.14 866.0
2453862.92899 14.729 0.003 4.62 1045.0
2453863.68113 14.734 0.003 4.54 847.0
2453863.90090 14.744 0.002 3.41 758.0
2453864.67097 14.727 0.003 4.40 876.0
2453864.86109 14.746 0.002 3.92 690.0
2453865.87215 14.734 0.003 4.68 781.0
2453866.68026 14.740 0.003 3.63 847.0
2453866.81978 14.734 0.003 4.58 770.0
2453866.89795 14.738 0.003 4.09 844.0
2453867.69504 14.745 0.003 3.40 1043.0
2453867.88173 14.744 0.003 4.17 1039.0
2453868.70297 14.731 0.003 3.92 1233.0
2453868.84707 14.737 0.003 4.87 1103.0
2453868.93516 14.725 0.003 4.67 1582.0
2453869.68169 14.741 0.003 3.30 1247.0
2453869.86300 14.742 0.003 4.41 1311.0
2453872.88291 14.733 0.003 4.16 1013.0
2453873.68694 14.726 0.003 4.00 805.0
2453873.82908 14.736 0.003 5.01 819.0
2453873.90021 14.728 0.003 4.11 892.0
2453874.73787 14.734 0.003 5.71 753.0
2453874.91272 14.742 0.003 4.06 858.0
2453875.70660 14.722 0.002 3.38 703.0
2453875.85344 14.740 0.002 4.37 772.0
2453876.62562 14.729 0.002 3.65 694.0
2453877.70251 14.741 0.002 3.25 645.0
2453877.85223 14.732 0.002 4.44 791.0
2453877.92531 14.739 0.003 5.12 976.0
2453879.65853 14.732 0.002 3.82 614.0
2453880.82776 14.740 0.003 5.50 808.0
2453880.90683 14.735 0.003 4.78 864.0
2453881.65330 14.729 0.003 4.29 817.0
2453881.86875 14.736 0.002 3.90 814.0
2453881.91539 14.735 0.002 3.29 923.0
2453882.63821 14.733 0.002 3.52 727.0
2453882.79174 14.733 0.003 4.88 782.0
2453882.86562 14.741 0.002 3.93 820.0
2453882.93425 14.739 0.002 3.64 834.0
2453883.62577 14.734 0.003 4.61 844.0
2453883.82287 14.738 0.003 5.14 755.0
2453886.58789 14.718 0.003 5.30 867.0
2453886.78639 14.742 0.003 4.63 699.0
2453886.86159 14.740 0.003 5.01 711.0
2453887.63889 14.735 0.002 4.09 663.0
2453887.76587 14.736 0.002 4.58 665.0
2453887.86944 14.735 0.003 4.54 761.0
2453887.94145 14.735 0.003 4.66 1043.0
2453889.65290 14.728 0.002 4.28 685.0
2453889.92772 14.728 0.002 4.09 996.0
2453890.71918 14.744 0.002 3.36 735.0
2453891.78395 14.726 0.004 6.46 778.0
2453892.72893 14.731 0.003 4.43 745.0
2453892.92064 14.732 0.003 4.57 887.0
2453893.60259 14.726 0.003 5.08 887.0
2453894.65709 14.736 0.003 6.24 735.0
2453894.87243 14.732 0.003 5.62 739.0
2453896.59313 14.732 0.003 6.49 1155.0
2453900.52096 14.717 0.003 5.80 1239.0
2453900.71130 14.731 0.003 3.92 1643.0
2453900.79063 14.737 0.003 4.15 1016.0
2453900.85920 14.740 0.003 3.50 1138.0
2453901.53572 14.734 0.003 5.31 859.0
2453901.78977 14.737 0.003 4.53 882.0
2453902.55128 14.725 0.002 4.75 809.0
2453902.85186 14.724 0.003 4.76 965.0
2453903.64316 14.730 0.003 4.59 777.0
2453903.89168 14.734 0.003 4.62 998.0
2453904.54671 14.727 0.003 4.17 836.0
2453904.70913 14.732 0.002 3.76 786.0
2453904.77855 14.735 0.002 4.06 716.0
2453904.85133 14.738 0.003 3.91 857.0
2453905.54351 14.727 0.003 3.99 854.0
2453905.79014 14.732 0.002 3.75 752.0
2453905.85873 14.745 0.002 3.23 833.0
2453906.55485 14.734 0.003 4.50 907.0
2453906.74420 14.734 0.003 4.84 713.0
2453906.81743 14.745 0.003 4.44 769.0
2453907.58567 14.727 0.003 4.80 730.0
2453907.77098 14.742 0.003 5.93 755.0
2453908.52364 14.722 0.003 4.04 1051.0
2453908.71045 14.737 0.003 4.15 760.0
2453909.52336 14.733 0.003 4.82 1049.0
2453909.70617 14.733 0.002 3.71 610.0
2453909.79652 14.735 0.002 4.14 653.0
2453909.87608 14.730 0.003 4.30 870.0
2453910.54376 14.725 0.003 5.24 941.0
2453912.51820 14.727 0.002 3.52 860.0
2453912.70989 14.742 0.002 3.98 606.0
2453912.80093 14.739 0.002 4.07 635.0
2453912.88876 14.739 0.003 4.56 793.0
2453913.51109 14.736 0.002 3.36 776.0
2453913.71296 14.737 0.003 5.29 707.0
2453913.80849 14.759 0.003 3.71 742.0
2453914.53714 14.727 0.003 5.25 825.0
2453914.76868 14.728 0.002 4.94 720.0
2453914.78226 14.734 0.002 4.76 704.0
2453915.51284 14.730 0.003 4.54 905.0
2453915.80904 14.740 0.003 4.39 673.0
2453916.55762 14.728 0.003 5.75 782.0
2453917.53569 14.730 0.003 5.71 781.0
2453917.80856 14.728 0.003 5.78 861.0
2453918.56609 14.730 0.002 4.65 832.0
2453918.80326 14.739 0.003 4.96 808.0
2453919.53030 14.737 0.002 5.01 1025.0
2453919.74315 14.739 0.002 4.63 686.0
2453920.50049 14.737 0.003 5.52 883.0
2453920.69709 14.723 0.003 5.66 782.0
2453920.77901 14.740 0.002 3.63 749.0
2453921.50039 14.738 0.003 4.32 996.0
2453921.69957 14.746 0.003 6.21 809.0
2453921.80231 14.739 0.003 5.92 816.0
2453922.69767 14.743 0.003 6.74 777.0
2453930.51810 14.727 0.002 4.66 805.0
2453930.77470 14.736 0.003 5.86 950.0
2453931.48545 14.731 0.003 5.00 992.0
2453932.51697 14.724 0.003 4.65 915.0
2453932.79230 14.735 0.003 5.08 893.0
2453933.49804 14.730 0.002 3.88 912.0
2453933.68780 14.726 0.002 4.31 681.0
2453933.76341 14.733 0.002 3.87 811.0
2453934.48080 14.729 0.003 4.14 894.0
2453934.76668 14.733 0.003 4.46 719.0
2453935.53071 14.728 0.003 4.33 793.0
2453935.70197 14.726 0.003 5.81 733.0
2453935.77061 14.737 0.003 5.38 741.0
2453936.48406 14.722 0.003 5.18 919.0
2453936.64941 14.735 0.003 4.25 769.0
2453936.72594 14.738 0.003 4.25 864.0
2453937.49037 14.729 0.003 5.51 1123.0
2453937.77043 14.735 0.003 6.34 796.0
2453938.48878 14.736 0.003 4.83 968.0
2453938.68267 14.740 0.002 5.66 575.0
2453938.76553 14.733 0.003 4.83 741.0
2453939.55615 14.735 0.002 4.72 680.0
2453944.52914 14.726 0.002 4.70 746.0
2453945.50201 14.735 0.003 4.93 822.0
2453945.70449 14.737 0.003 4.66 716.0
2453945.76035 14.733 0.003 5.11 761.0
2453946.50334 14.735 0.003 5.38 815.0
2453946.69265 14.731 0.003 5.28 692.0
2453946.77407 14.738 0.003 5.40 683.0
2453950.50913 14.735 0.003 4.49 731.0
2453950.72278 14.741 0.002 4.49 671.0
2453951.50382 14.735 0.003 5.31 843.0
2453951.73629 14.738 0.003 5.07 900.0
2453955.67793 14.739 0.004 6.19 2002.0
2453957.49698 14.736 0.003 5.01 1030.0
2453958.56768 14.729 0.003 4.95 841.0
2453959.49351 14.732 0.003 5.67 830.0
2453959.67489 14.731 0.003 4.76 830.0
2453960.48980 14.734 0.002 4.03 796.0
2453960.66886 14.741 0.002 3.70 759.0
2453960.74089 14.731 0.003 4.25 995.0
2453961.56116 14.733 0.003 5.60 865.0
2453963.52246 14.734 0.003 4.85 741.0
2453963.69979 14.737 0.002 4.07 726.0
2453964.51450 14.734 0.002 3.78 762.0
2453964.71939 14.738 0.003 4.75 701.0
2453965.49583 14.738 0.002 4.03 733.0
2453966.52577 14.741 0.003 4.12 779.0
2453966.67885 14.736 0.003 4.31 710.0
2453967.50729 14.728 0.003 6.29 785.0
2453968.48758 14.729 0.003 4.80 933.0
2453968.65954 14.739 0.003 4.30 714.0
2453968.72864 14.731 0.003 5.45 805.0
2453969.51616 14.728 0.003 5.56 721.0
2453969.67007 14.744 0.003 5.13 703.0
2453970.49681 14.738 0.003 6.08 768.0
2453970.67765 14.737 0.003 4.50 688.0
2453971.53652 14.746 0.003 6.11 712.0
2453971.71091 14.740 0.003 5.63 700.0
2453973.56206 14.737 0.003 6.15 666.0
2453974.49660 14.736 0.003 5.26 790.0
2453974.67555 14.735 0.003 5.92 730.0
2453975.49924 14.730 0.003 5.56 753.0
2453975.67453 14.741 0.003 4.90 798.0
2453976.49592 14.730 0.002 4.05 749.0
2453976.67320 14.737 0.003 5.40 885.0
2453979.49903 14.725 0.003 6.40 802.0
2453982.55799 14.736 0.003 4.93 989.0
2453982.61980 14.734 0.003 4.40 1015.0
2453982.67523 14.731 0.003 5.23 1277.0
2453983.47648 14.742 0.003 6.07 1038.0
2453983.51375 14.732 0.003 5.70 1889.0
2453986.56878 14.740 0.003 6.18 933.0
2453987.49670 14.741 0.003 5.34 795.0
2453988.49953 14.735 0.003 4.64 715.0
2453990.63070 14.735 0.003 5.26 813.0
2453995.55738 14.733 0.003 4.56 736.0
2453999.57817 14.748 0.003 4.51 777.0
2454004.51487 14.735 0.002 3.95 826.0
2454006.51074 14.742 0.003 5.41 833.0
2454011.60749 14.742 0.003 6.03 1071.0
2454012.55881 14.743 0.003 5.43 975.0
2454016.50630 14.734 0.003 4.84 932.0
2454018.53150 14.740 0.003 5.06 875.0
2454020.52938 14.739 0.003 5.83 869.0
2454023.52973 14.737 0.003 4.89 1129.0
2454025.54914 14.735 0.003 4.89 992.0
2454027.55407 14.728 0.003 5.15 984.0
2454030.54583 14.732 0.003 5.12 815.0
2454036.52709 14.736 0.003 5.70 1370.0
2454040.50826 14.735 0.003 5.81 1176.0
2454043.49773 14.733 0.004 5.36 2491.0
2454141.86827 14.735 0.003 4.37 1212.0
2454149.88512 14.741 0.003 5.22 1080.0
2454153.87143 14.733 0.003 5.10 969.0
2454156.84993 14.728 0.003 5.42 1018.0
2454158.86939 14.730 0.003 5.43 1081.0
2454161.83733 14.735 0.003 5.14 1132.0
2454163.82019 14.737 0.003 4.79 1593.0
2454164.82587 14.736 0.003 4.03 1320.0
2454165.90624 14.736 0.004 5.77 1823.0
2454167.91365 14.733 0.004 5.01 2492.0
2454170.78719 14.743 0.005 5.52 4137.0
2454175.78114 14.723 0.003 5.95 1050.0
2454176.88970 14.735 0.003 4.80 958.0
2454178.78197 14.737 0.003 4.61 916.0
2454179.84081 14.737 0.003 4.02 965.0
2454181.77714 14.733 0.003 5.06 949.0
2454182.82203 14.738 0.003 4.27 831.0
2454183.85817 14.734 0.003 5.31 920.0
2454184.89863 14.732 0.003 4.29 770.0
2454185.87455 14.730 0.003 5.24 865.0
2454189.90910 14.740 0.004 6.31 967.0
2454191.86425 14.743 0.004 5.99 1053.0
2454192.77948 14.739 0.004 5.70 1176.0
2454194.77892 14.736 0.003 4.34 1084.0
2454196.76917 14.732 0.003 5.15 1186.0
2454202.75060 14.734 0.003 4.85 1071.0
2454203.73879 14.738 0.003 3.78 846.0
2454203.92316 14.743 0.003 3.50 1261.0
2454204.72709 14.740 0.003 4.86 1000.0
2454205.72752 14.741 0.003 5.72 843.0
2454207.71697 14.734 0.003 4.83 984.0
2454207.89219 14.741 0.003 3.77 852.0
2454208.73913 14.732 0.003 5.52 917.0
2454211.78327 14.735 0.004 6.03 865.0
2454212.91922 14.740 0.003 5.01 905.0
2454213.74580 14.738 0.003 4.68 857.0
2454215.73570 14.734 0.003 5.41 921.0
2454216.69310 14.738 0.003 5.21 1001.0
2454216.88594 14.731 0.002 4.50 314.0
2454217.69869 14.734 0.003 4.18 1002.0
2454218.72288 14.733 0.004 6.14 955.0
2454219.74434 14.739 0.003 5.27 897.0
2454220.68680 14.733 0.003 5.17 1050.0
2454221.72992 14.726 0.003 5.15 1220.0
2454222.90440 14.740 0.003 4.05 1202.0
2454223.73285 14.734 0.003 4.13 2087.0
2454224.77640 14.735 0.003 4.47 1344.0
2454228.67058 14.728 0.003 4.98 1179.0
2454228.90239 14.730 0.004 5.91 1391.0
2454229.66545 14.731 0.004 5.92 1033.0
2454229.86245 14.726 0.003 4.62 1048.0
2454229.92412 14.731 0.003 4.58 1059.0
2454230.67527 14.735 0.003 4.25 880.0
2454230.86323 14.737 0.003 5.11 983.0
2454230.92496 14.720 0.004 6.06 1167.0
2454231.65960 14.733 0.003 5.09 984.0
2454231.83519 14.731 0.003 4.20 970.0
2454231.92798 14.734 0.003 4.48 1115.0
2454232.74240 14.737 0.003 4.80 1070.0
2454232.90946 14.728 0.003 5.39 1035.0
2454233.79148 14.736 0.003 5.51 1021.0
2454234.70247 14.724 0.003 5.57 1000.0
2454235.88469 14.729 0.003 4.18 966.0
2454237.68573 14.730 0.003 5.40 883.0
2454238.72337 14.733 0.003 4.12 892.0
2454238.86932 14.733 0.003 5.05 1150.0
2454238.93106 14.738 0.003 6.05 1192.0
2454239.61384 14.727 0.003 5.11 1008.0
2454240.67085 14.736 0.003 4.18 867.0
2454240.80522 14.733 0.003 5.00 924.0
2454240.93640 14.737 0.003 4.69 1227.0
2454243.63340 14.733 0.003 5.49 1047.0
2454243.72965 14.733 0.003 4.87 896.0
2454243.82324 14.736 0.003 5.29 948.0
2454243.94089 14.741 0.004 5.50 1496.0
2454244.60921 14.733 0.003 5.58 1147.0
2454244.70527 14.738 0.003 4.46 949.0
2454244.79835 14.735 0.003 4.38 984.0
2454245.60188 14.731 0.003 5.82 655.0
2454245.69560 14.738 0.003 4.24 800.0
2454245.79204 14.730 0.003 4.36 793.0
2454246.66066 14.731 0.003 5.14 924.0
2454246.75363 14.732 0.003 5.68 931.0
2454246.84687 14.733 0.003 4.82 1093.0
2454247.67585 14.721 0.003 4.85 1003.0
2454247.81378 14.729 0.003 4.51 951.0
2454250.72396 14.738 0.003 4.29 1198.0
2454251.79550 14.737 0.004 5.49 1811.0
2454256.61077 14.735 0.003 5.48 1185.0
2454256.75759 14.734 0.004 6.76 1135.0
2454256.85543 14.741 0.004 6.45 1303.0
2454257.64267 14.733 0.004 6.21 1068.0
2454258.62592 14.738 0.004 6.46 951.0
2454258.74919 14.736 0.003 4.82 972.0
2454258.84388 14.736 0.003 5.40 1105.0
2454267.58596 14.746 0.004 6.32 1022.0
2454268.77338 14.739 0.003 5.25 925.0
2454268.89373 14.733 0.003 5.04 1174.0
2454269.56830 14.732 0.003 5.16 1032.0
2454269.68933 14.734 0.003 4.65 800.0
2454269.78010 14.730 0.003 4.72 858.0
2454270.56385 14.725 0.003 5.37 1066.0
2454272.63224 14.741 0.003 4.52 941.0
2454272.78136 14.740 0.003 4.28 1030.0
2454272.85284 14.733 0.003 5.39 1233.0
2454273.60925 14.735 0.004 6.55 1026.0
2454273.79007 14.738 0.004 5.25 1242.0
2454273.84988 14.730 0.003 5.64 1347.0
2454274.60172 14.742 0.004 5.66 1237.0
2454274.75623 14.724 0.003 4.30 1059.0
2454274.81538 14.729 0.003 4.93 1160.0
2454275.59444 14.734 0.003 4.29 1014.0
2454275.76985 14.741 0.003 4.88 1185.0
2454275.82831 14.738 0.004 5.26 1325.0
2454275.88951 14.737 0.004 6.57 1501.0
2454276.57922 14.735 0.003 5.29 1054.0
2454277.52306 14.733 0.004 5.32 1462.0
2454277.69870 14.740 0.003 4.54 998.0
2454277.75871 14.738 0.003 5.35 1025.0
2454277.81731 14.723 0.004 6.12 1255.0
2454278.56007 14.735 0.004 5.85 1343.0
2454278.74405 14.731 0.004 5.52 1110.0
2454278.81707 14.743 0.004 6.17 1372.0
2454283.50253 14.734 0.003 4.90 1557.0
2454283.72270 14.736 0.004 5.37 2084.0
2454284.49756 14.729 0.003 4.97 1233.0
2454284.72804 14.737 0.003 4.18 1114.0
2454284.79024 14.739 0.003 4.05 1287.0
2454284.85531 14.737 0.004 4.82 1705.0
2454285.49600 14.728 0.003 4.80 1407.0
2454285.68811 14.739 0.003 5.31 1060.0
2454285.75491 14.742 0.003 4.61 936.0
2454285.82038 14.739 0.003 5.13 1124.0
2454286.50029 14.735 0.003 5.05 1302.0
2454286.79721 14.729 0.003 4.76 1737.0
2454289.50502 14.730 0.004 6.47 1093.0
2454289.72340 14.735 0.003 5.29 1025.0
2454289.78846 14.727 0.003 4.80 1046.0
2454290.55447 14.736 0.003 5.47 898.0
2454291.65686 14.730 0.003 5.10 844.0
2454291.77926 14.733 0.004 5.88 957.0
2454292.48257 14.732 0.003 4.21 1108.0
2454292.66068 14.735 0.003 4.68 858.0
2454292.72031 14.739 0.003 4.05 900.0
2454292.77903 14.734 0.003 4.10 984.0
2454292.84304 14.737 0.003 4.71 1208.0
2454293.48295 14.733 0.003 4.76 1047.0
2454293.68883 14.732 0.003 4.51 864.0
2454293.74764 14.728 0.003 4.16 868.0
2454293.82523 14.738 0.003 4.74 944.0
2454294.48221 14.738 0.003 4.24 1110.0
2454295.48373 14.732 0.004 5.84 1010.0
2454295.68723 14.737 0.003 4.63 723.0
2454295.74595 14.737 0.003 4.24 733.0
2454295.82819 14.737 0.003 5.38 938.0
2454296.48501 14.728 0.003 5.03 1000.0
2454296.67347 14.736 0.003 4.83 746.0
2454296.78964 14.740 0.003 4.72 816.0
2454297.50582 14.725 0.003 5.46 950.0
2454297.70671 14.734 0.003 4.40 748.0
2454297.81920 14.735 0.003 6.17 883.0
2454298.54052 14.738 0.004 6.86 851.0
2454298.64635 14.733 0.003 5.56 759.0
2454298.73984 14.730 0.003 5.37 852.0
2454299.52338 14.729 0.003 4.66 870.0
2454299.61672 14.744 0.003 4.14 749.0
2454299.70889 14.740 0.003 3.89 739.0
2454300.51928 14.736 0.003 4.17 884.0
2454300.63868 14.736 0.003 5.29 776.0
2454300.73510 14.739 0.003 5.30 850.0
2454301.50929 14.736 0.003 5.28 1052.0
2454301.60158 14.744 0.003 4.15 864.0
2454301.70429 14.733 0.003 4.99 834.0
2454301.79678 14.748 0.003 4.38 824.0
2454302.58307 14.747 0.003 4.71 811.0
2454302.67695 14.738 0.004 5.60 842.0
2454303.66469 14.735 0.004 6.72 840.0
2454304.54307 14.738 0.004 5.49 1312.0
2454304.65246 14.742 0.004 6.16 1152.0
2454306.53280 14.734 0.004 6.08 1154.0
2454306.66787 14.741 0.003 5.43 1002.0
2454307.76842 14.724 0.003 4.62 1124.0
2454312.51368 14.738 0.003 4.85 1421.0
2454312.70886 14.734 0.003 4.25 1089.0
2454312.80646 14.716 0.004 5.72 1313.0
2454315.54785 14.737 0.003 4.55 980.0
2454316.57670 14.732 0.003 4.33 830.0
2454317.49908 14.730 0.003 5.09 951.0
2454319.50817 14.739 0.003 5.43 995.0
2454319.76260 14.729 0.003 5.22 1074.0
2454320.53113 14.731 0.003 4.92 897.0
2454326.48669 14.724 0.003 5.82 929.0
2454327.58038 14.740 0.004 6.41 939.0
2454328.50741 14.732 0.003 4.81 1124.0
2454329.51756 14.747 0.003 4.99 936.0
2454329.72418 14.735 0.004 6.09 1063.0
2454330.53016 14.740 0.003 4.74 859.0
2454330.68109 14.729 0.003 4.15 879.0
2454331.51034 14.732 0.003 4.80 917.0
2454331.67690 14.729 0.004 6.06 890.0
2454332.48810 14.736 0.003 4.07 949.0
2454333.51917 14.720 0.003 4.75 1069.0
2454333.68025 14.732 0.003 5.24 1010.0
2454334.49238 14.744 0.005 6.79 2671.0
2454334.59007 14.734 0.004 4.59 3249.0
2454338.49253 14.735 0.004 5.05 1555.0
2454339.51198 14.740 0.003 4.41 1365.0
2454339.68321 14.739 0.004 6.78 1376.0
2454340.58065 14.737 0.003 5.00 1330.0
2454341.49294 14.735 0.004 5.60 1260.0
2454343.49824 14.739 0.003 3.88 1028.0
2454343.69807 14.745 0.003 5.08 1130.0
2454344.52896 14.738 0.004 6.66 1102.0
2454345.49436 14.748 0.003 3.59 989.0
2454346.50297 14.739 0.003 5.14 1068.0
2454347.52193 14.728 0.004 5.97 943.0
2454348.63329 14.742 0.003 5.26 903.0
2454350.51753 14.736 0.003 3.95 1002.0
2454351.49278 14.749 0.003 4.16 946.0
2454352.54028 14.736 0.004 6.37 1040.0
2454353.50019 14.733 0.003 4.46 1046.0
2454354.52878 14.733 0.003 4.84 1048.0
2454355.53037 14.729 0.003 5.01 1077.0
2454356.49679 14.731 0.003 4.34 953.0
2454357.58009 14.747 0.004 6.30 1011.0
2454358.53734 14.738 0.004 5.55 1036.0
2454359.50612 14.737 0.003 5.56 1025.0
2454361.55913 14.733 0.004 5.89 1157.0
2454362.49452 14.742 0.004 4.89 2283.0
2454365.55150 14.743 0.004 6.06 1328.0
2454367.52788 14.737 0.003 4.57 1296.0
2454368.56339 14.731 0.004 6.09 1233.0
2454369.57652 14.742 0.004 7.08 1435.0
2454370.55035 14.736 0.003 3.79 1248.0
2454371.52378 14.741 0.003 4.18 1142.0
2454372.50829 14.736 0.003 4.05 965.0
2454373.57377 14.740 0.003 4.30 1090.0
2454375.56472 14.736 0.004 6.15 1241.0
2454377.59794 14.738 0.004 5.61 1082.0
2454378.50799 14.731 0.003 5.16 959.0
2454379.52339 14.730 0.004 6.00 1073.0
2454380.53487 14.735 0.003 4.84 998.0
2454381.51283 14.749 0.004 6.36 1232.0
2454382.60136 14.738 0.003 5.41 1190.0
2454383.52632 14.740 0.004 5.83 1136.0
2454384.58336 14.732 0.004 6.85 1037.0
2454387.56174 14.734 0.004 5.17 1078.0
2454393.52066 14.718 0.003 4.71 1254.0
2454394.57804 14.745 0.004 5.17 1475.0
2454395.54943 14.735 0.004 5.16 1302.0
2454397.52084 14.744 0.004 5.19 1492.0
2454398.52850 14.729 0.004 5.72 1473.0
2454399.56402 14.745 0.004 4.92 1672.0
2454400.52342 14.741 0.004 6.02 1633.0
2454402.53803 14.716 0.004 7.02 1307.0
2454403.53903 14.745 0.004 5.92 1305.0
2454506.88978 14.639 0.004 6.30 2186.0
2454511.84125 14.553 0.002 4.05 940.0
2454513.85083 14.522 0.002 5.00 1031.0
2454517.84488 14.444 0.003 5.89 1425.0
2454519.83080 14.393 0.003 6.00 1191.0
2454522.86392 14.290 0.003 6.64 1113.0
2454524.84332 14.204 0.002 5.15 1126.0
2454530.80551 13.960 0.002 3.74 977.0
2454533.83923 13.891 0.002 5.32 901.0
2454535.88925 13.920 0.002 5.31 855.0
2454537.78886 13.958 0.002 5.90 873.0
2454538.88280 14.015 0.002 4.73 917.0
2454539.84402 14.036 0.002 5.11 812.0
2454540.85391 14.089 0.002 4.45 886.0
2454541.78296 14.129 0.002 4.97 846.0
2454542.77748 14.171 0.002 6.58 970.0
2454543.77312 14.213 0.002 5.92 975.0
2454544.76997 14.255 0.002 5.20 1107.0
2454545.75670 14.295 0.002 5.61 1193.0
2454546.76328 14.337 0.002 5.48 1184.0
2454547.77745 14.365 0.002 5.11 1199.0
2454548.83037 14.404 0.002 5.25 1061.0
2454550.80261 14.460 0.003 5.60 998.0
2454551.74895 14.475 0.003 5.01 1155.0
2454552.79257 14.500 0.003 4.72 2431.0
2454556.74524 14.563 0.003 5.64 833.0
2454557.76284 14.582 0.003 5.41 819.0
2454558.78304 14.592 0.002 4.32 765.0
2454559.73590 14.598 0.003 4.92 735.0
2454559.92479 14.608 0.003 4.77 2497.0
2454560.73825 14.611 0.003 5.23 726.0
2454561.72869 14.629 0.003 4.59 837.0
2454561.91476 14.630 0.003 3.77 824.0
2454564.71892 14.635 0.003 5.14 775.0
2454564.91916 14.658 0.003 4.68 819.0
2454565.71707 14.656 0.002 4.36 795.0
2454565.90763 14.685 0.002 3.09 750.0
2454566.71637 14.658 0.003 4.70 796.0
2454566.91290 14.678 0.002 3.42 779.0
2454567.70857 14.670 0.003 4.73 906.0
2454567.91526 14.680 0.003 3.63 862.0
2454568.71409 14.667 0.003 5.13 842.0
2454569.72378 14.675 0.003 5.63 826.0
2454570.71508 14.680 0.003 6.07 910.0
2454571.90106 14.691 0.003 3.95 789.0
2454572.74000 14.690 0.003 5.52 905.0
2454573.72844 14.687 0.003 4.82 1006.0
2454574.73088 14.703 0.003 5.42 1047.0
2454575.73630 14.690 0.003 4.23 1082.0
2454576.74400 14.701 0.003 4.18 1170.0
2454577.82817 14.707 0.003 4.37 1010.0
2454578.77931 14.715 0.003 6.50 1083.0
2454579.85599 14.711 0.003 4.55 1125.0
2454583.72294 14.704 0.003 5.79 1189.0
2454583.90807 14.712 0.003 4.71 938.0
2454585.74346 14.726 0.003 6.01 890.0
2454586.75133 14.711 0.003 5.38 871.0
2454587.75958 14.714 0.003 5.63 873.0
2454587.91801 14.716 0.003 5.71 992.0
2454588.72476 14.713 0.003 5.08 834.0
2454589.70709 14.710 0.003 5.33 874.0
2454589.86237 14.720 0.003 5.27 885.0
2454589.92440 14.717 0.003 4.88 980.0
2454590.68448 14.719 0.003 5.35 960.0
2454590.69337 14.724 0.003 5.86 996.0
2454590.70483 14.722 0.003 4.49 917.0
2454590.71599 14.724 0.003 4.58 917.0
2454590.73878 14.730 0.003 5.31 865.0
2454590.77236 14.722 0.003 4.56 890.0
2454590.80681 14.721 0.003 4.55 873.0
2454590.85572 14.734 0.003 4.05 890.0
2454590.89010 14.726 0.003 3.86 1003.0
2454590.93237 14.721 0.003 4.32 1292.0
2454591.64008 14.727 0.003 5.68 1107.0
2454591.69627 14.713 0.003 5.21 993.0
2454591.78551 14.722 0.003 4.14 902.0
2454591.86829 14.728 0.003 4.55 986.0
2454591.93043 14.724 0.003 4.36 1298.0
2454592.65476 14.723 0.003 5.17 1174.0
2454592.84396 14.720 0.003 4.99 1160.0
2454592.90727 14.722 0.003 4.05 1208.0
2454593.64405 14.720 0.003 4.83 1004.0
2454593.85363 14.721 0.003 4.37 956.0
2454593.91562 14.726 0.003 3.94 1038.0
2454594.66505 14.727 0.003 6.59 929.0
2454594.85983 14.724 0.003 4.40 928.0
2454594.92561 14.722 0.003 4.65 933.0
2454595.65053 14.723 0.003 5.95 920.0
2454595.84872 14.728 0.003 4.73 803.0
2454595.91085 14.732 0.003 4.99 845.0
2454596.64385 14.719 0.003 5.59 926.0
2454596.92356 14.716 0.003 4.18 873.0
2454597.67434 14.714 0.003 5.62 819.0
2454597.86566 14.731 0.003 4.29 923.0
2454597.93677 14.720 0.003 5.44 1316.0
2454598.64410 14.721 0.003 4.04 747.0
2454598.88894 14.725 0.003 3.88 845.0
2454599.62295 14.715 0.003 5.25 1032.0
2454599.82696 14.727 0.003 3.57 752.0
2454600.63215 14.714 0.003 4.96 822.0
2454601.63775 14.718 0.003 4.39 1005.0
2454601.85401 14.729 0.003 3.59 745.0
2454601.91595 14.733 0.003 5.09 785.0
2454602.62515 14.719 0.003 4.57 965.0
2454602.83974 14.735 0.003 3.49 890.0
2454603.75777 14.727 0.003 4.72 858.0
2454606.62552 14.730 0.003 4.78 1410.0
2454610.72725 14.734 0.003 3.63 1134.0
2454610.93470 14.733 0.003 4.48 1445.0
2454611.61729 14.729 0.004 6.14 1147.0
2454611.85017 14.732 0.003 3.88 1162.0
2454612.63868 14.726 0.003 5.82 1275.0
2454615.78037 14.734 0.003 4.66 968.0
2454616.58942 14.732 0.004 6.42 1041.0
2454616.80588 14.734 0.003 4.43 815.0
2454616.87569 14.730 0.003 4.51 1006.0
2454617.65292 14.729 0.003 5.09 873.0
2454618.60092 14.726 0.003 5.10 957.0
2454621.70157 14.736 0.002 3.92 733.0
2454621.82349 14.739 0.002 3.39 810.0
2454621.84228 14.731 0.002 3.88 895.0
2454621.89837 14.724 0.002 4.40 1024.0
2454622.56277 14.742 0.003 6.20 1106.0
2454622.63673 14.730 0.003 4.83 930.0
2454622.69326 14.719 0.003 5.18 860.0
2454622.79955 14.741 0.003 4.35 939.0
2454622.90089 14.727 0.003 5.81 1181.0
2454623.61432 14.745 0.004 6.67 891.0
2454623.85837 14.734 0.003 5.67 1119.0
2454623.92559 14.735 0.004 5.87 1186.0
2454624.57473 14.735 0.004 6.69 1130.0
2454624.79831 14.735 0.003 5.31 868.0
2454624.86491 14.734 0.003 4.73 891.0
2454624.93390 14.734 0.003 5.53 1175.0
2454625.59261 14.724 0.003 5.90 925.0
2454625.78074 14.731 0.003 5.43 1013.0
2454625.87466 14.734 0.003 5.96 985.0
2454626.59104 14.726 0.003 5.95 858.0
2454626.84304 14.730 0.003 5.15 851.0
2454627.54796 14.730 0.003 4.79 1083.0
2454627.81852 14.735 0.003 4.13 735.0
2454627.90321 14.732 0.003 4.31 809.0
2454628.58127 14.730 0.003 5.01 935.0
2454628.74505 14.738 0.003 4.18 831.0
2454628.81066 14.731 0.003 4.90 845.0
2454628.87260 14.739 0.004 5.05 893.0
2454629.61626 14.723 0.003 4.28 856.0
2454629.81871 14.738 0.003 4.21 958.0
2454629.89647 14.729 0.003 5.49 978.0
2454630.54796 14.725 0.003 5.12 1102.0
2454630.75800 14.736 0.003 3.94 942.0
2454630.84118 14.731 0.003 4.40 970.0
2454630.90416 14.733 0.003 5.42 1076.0
2454631.55347 14.728 0.003 4.23 1111.0
2454631.76935 14.741 0.003 4.29 874.0
2454631.84707 14.735 0.003 4.28 998.0
2454631.92206 14.734 0.003 5.19 1399.0
2454632.55665 14.733 0.003 5.22 1221.0
2454632.82748 14.733 0.003 4.03 1043.0
2454633.55687 14.726 0.003 4.59 1205.0
2454633.65871 14.730 0.003 5.04 1129.0
2454633.78032 14.739 0.003 3.94 1487.0
2454638.74238 14.733 0.003 4.09 1080.0
2454638.84003 14.734 0.003 4.56 1291.0
2454639.56371 14.731 0.003 5.21 1286.0
2454639.66119 14.728 0.003 3.69 1126.0
2454640.58113 14.734 0.003 4.25 964.0
2454640.71222 14.739 0.003 3.89 875.0
2454641.60399 14.734 0.003 4.54 868.0
2454641.75959 14.730 0.003 4.62 952.0
2454642.57972 14.727 0.003 4.81 902.0
2454642.74025 14.740 0.003 4.37 824.0
2454643.53987 14.740 0.003 5.92 984.0
2454644.65235 14.741 0.003 5.29 849.0
2454644.83163 14.734 0.003 4.04 902.0
2454645.50654 14.740 0.003 4.88 1296.0
2454645.75718 14.741 0.003 5.29 937.0
2454645.83308 14.745 0.003 5.45 1070.0
2454646.50838 14.722 0.003 4.85 1137.0
2454646.84046 14.729 0.003 5.23 1092.0
2454647.50288 14.732 0.003 3.95 1515.0
2454647.72771 14.724 0.003 5.04 981.0
2454647.83447 14.729 0.003 5.51 1073.0
2454648.53130 14.731 0.003 4.83 1086.0
2454648.62075 14.721 0.003 4.37 944.0
2454648.69709 14.741 0.003 4.62 860.0
2454648.84868 14.732 0.004 5.97 1086.0
2454649.51142 14.718 0.003 5.21 1145.0
2454649.72193 14.729 0.003 4.50 849.0
2454649.83650 14.740 0.003 5.34 961.0
2454650.54293 14.724 0.003 4.85 1228.0
2454650.76037 14.733 0.003 4.44 810.0
2454650.84539 14.744 0.003 5.04 1031.0
2454651.50319 14.727 0.003 5.01 1323.0
2454651.79875 14.740 0.003 5.70 1025.0
2454652.49475 14.722 0.004 5.79 1323.0
2454652.69732 14.728 0.003 4.48 897.0
2454652.77888 14.740 0.003 4.87 864.0
2454652.83251 14.732 0.003 5.23 999.0
2454653.49119 14.732 0.004 6.40 1345.0
2454653.71024 14.735 0.003 4.38 1001.0
2454653.77548 14.742 0.003 5.33 1053.0
2454654.52653 14.737 0.004 6.43 948.0
2454654.73818 14.735 0.003 4.55 879.0
2454654.80646 14.739 0.004 6.22 1170.0
2454655.49097 14.726 0.003 5.07 1328.0
2454655.71538 14.738 0.003 4.20 777.0
2454655.77731 14.743 0.003 4.53 903.0
2454656.49299 14.732 0.003 3.81 1007.0
2454656.68273 14.740 0.003 3.68 1037.0
2454656.79835 14.732 0.003 4.05 1305.0
2454657.56755 14.733 0.004 6.04 1037.0
2454658.65133 14.730 0.003 5.91 985.0
2454659.58541 14.736 0.004 6.55 954.0
2454660.60348 14.730 0.003 5.15 1007.0
2454661.48109 14.728 0.003 4.37 1486.0
2454661.67864 14.743 0.003 3.91 1043.0
2454661.81034 14.728 0.003 4.40 1456.0
2454665.64834 14.730 0.003 4.43 1843.0
2454666.49258 14.738 0.004 5.98 1494.0
2454666.67726 14.730 0.003 4.47 1174.0
2454669.60266 14.715 0.003 6.01 1333.0
2454670.63868 14.736 0.003 5.53 872.0
2454671.56607 14.732 0.003 6.27 775.0
2454671.76664 14.730 0.003 5.73 943.0
2454672.49437 14.736 0.003 4.64 1010.0
2454672.79684 14.733 0.003 5.52 978.0
2454674.52831 14.734 0.003 4.90 874.0
2454675.66917 14.735 0.003 4.01 867.0
2454677.47945 14.743 0.003 4.94 1082.0
2454677.70955 14.735 0.003 5.52 856.0
2454678.67984 14.750 0.003 4.03 811.0
2454679.57218 14.744 0.004 6.91 856.0
2454681.52083 14.739 0.003 4.48 823.0
2454681.62091 14.735 0.003 4.94 776.0
2454682.49186 14.733 0.003 4.22 957.0
2454682.56778 14.736 0.003 5.83 908.0
2454683.51015 14.727 0.004 7.11 1148.0
2454683.69728 14.726 0.003 6.19 888.0
2454684.50284 14.733 0.003 4.92 1134.0
2454684.75884 14.730 0.003 5.73 984.0
2454685.53621 14.739 0.003 4.43 983.0
2454686.49149 14.735 0.003 4.63 1050.0
2454687.51747 14.735 0.003 4.43 924.0
2454687.73083 14.742 0.003 5.50 1083.0
2454688.48810 14.743 0.003 5.82 1114.0
2454688.67809 14.738 0.003 4.78 873.0
2454688.73980 14.742 0.004 6.52 1029.0
2454693.53253 14.741 0.003 4.47 1175.0
2454694.53101 14.743 0.004 6.82 1103.0
2454697.49170 14.735 0.003 5.28 909.0
2454698.49705 14.738 0.003 5.99 847.0
2454699.49117 14.741 0.003 5.30 923.0
2454700.49949 14.734 0.003 4.37 916.0
2454701.49483 14.732 0.003 5.03 1000.0
2454702.49320 14.737 0.003 5.13 966.0
2454705.49708 14.735 0.003 5.60 934.0
2454707.59799 14.735 0.003 3.84 818.0
2454708.52985 14.726 0.003 4.60 916.0
2454709.50581 14.747 0.004 6.70 1003.0
2454710.53332 14.731 0.003 4.40 943.0
2454711.51537 14.741 0.003 5.54 931.0
2454715.57540 14.736 0.003 5.64 986.0
2454716.56621 14.740 0.003 3.70 1402.0
2454720.51886 14.729 0.003 5.08 1244.0
2454721.51971 14.734 0.003 5.41 1253.0
2454722.63206 14.744 0.003 5.43 1235.0
2454724.49887 14.740 0.003 5.54 1142.0
2454725.57264 14.739 0.003 5.35 1287.0
2454728.58172 14.735 0.004 6.29 956.0
2454729.52227 14.746 0.004 6.62 930.0
2454730.60815 14.746 0.003 6.14 933.0
2454731.54520 14.750 0.004 6.05 897.0
2454733.49677 14.736 0.003 4.43 934.0
2454734.54322 14.741 0.003 6.14 983.0
2454737.53139 14.742 0.003 6.02 886.0
2454740.54350 14.742 0.003 6.04 929.0
2454743.52476 14.740 0.003 5.29 975.0
2454750.59134 14.753 0.004 6.79 1416.0
2454756.54303 14.732 0.004 6.43 1140.0
2454765.50890 14.723 0.003 5.52 1086.0
2454867.88432 14.731 0.003 4.10 1976.0
2454872.85513 14.730 0.004 7.07 1581.0
2454873.86852 14.723 0.003 4.82 1289.0
2454876.85703 14.735 0.003 5.31 1070.0
2454884.84008 14.738 0.003 3.78 1118.0
