2452125.56420 17.981 0.050 6.15 1463.0
2452129.64762 18.063 0.026 3.79 812.0
2452132.59101 18.164 0.037 4.94 862.0
2452135.72855 18.015 0.027 4.30 902.0
2452140.69098 18.100 0.041 6.07 873.0
2452144.57345 18.110 0.037 5.29 948.0
2452160.55996 17.995 0.038 5.56 929.0
2452168.62773 18.192 0.049 6.33 905.0
2452175.60142 18.260 0.069 5.41 2402.0
2452187.53684 18.052 0.038 5.49 1086.0
2452206.53264 18.038 0.057 6.46 1592.0
2452331.87317 18.051 0.033 4.11 1191.0
2452345.90164 18.066 0.036 4.50 1079.0
2452355.84756 18.053 0.030 4.29 903.0
2452364.90507 18.133 0.038 4.99 999.0
2452372.80569 18.089 0.026 3.54 879.0
2452403.86029 18.111 0.028 3.44 974.0
2452411.76498 18.852 0.052 4.73 633.0
2452414.73752 18.063 0.028 4.13 818.0
2452416.77893 18.047 0.031 4.40 954.0
2452424.87211 18.102 0.048 5.66 1280.0
2452428.77374 18.079 0.038 5.77 806.0
2452432.81625 18.030 0.050 7.21 1014.0
2452434.68414 18.149 0.034 4.76 857.0
2452436.73246 18.089 0.031 4.23 891.0
2452440.73996 18.099 0.033 4.68 865.0
2452443.71323 18.072 0.033 4.41 853.0
2452445.59416 18.060 0.029 3.74 936.0
2452448.58338 18.169 0.077 4.38 5179.0
2452453.83352 18.089 0.037 4.84 1149.0
2452456.54501 18.029 0.035 6.06 820.0
2452458.68197 18.121 0.029 4.47 706.0
2452460.75428 18.082 0.038 5.51 920.0
2452463.50349 18.125 0.037 4.98 1167.0
2452466.70863 17.991 0.027 4.49 775.0
2452468.57948 18.102 0.026 3.68 756.0
2452470.58273 18.027 0.032 5.10 811.0
2452481.48434 18.112 0.054 6.53 1134.0
2452484.58365 18.030 0.037 5.90 761.0
2452486.67642 18.080 0.058 8.31 805.0
2452493.60508 18.046 0.033 4.70 898.0
2452495.67646 18.083 0.028 3.90 872.0
2452497.76044 18.113 0.038 4.17 1415.0
2452498.46980 18.064 0.033 3.72 1479.0
2452500.49460 18.017 0.035 4.84 1061.0
2452502.52737 18.098 0.030 4.11 945.0
2452508.62665 18.035 0.033 4.49 1120.0
2452512.57408 18.205 0.042 4.80 1062.0
2452517.61594 18.074 0.031 4.26 911.0
2452520.54078 18.101 0.031 3.92 962.0
2452526.63176 18.099 0.033 4.92 781.0
2452537.61144 17.955 0.046 6.63 1201.0
2452542.47876 18.034 0.050 4.10 3079.0
2452547.54620 18.083 0.040 4.91 1219.0
2452556.53713 17.995 0.036 4.84 1086.0
2452564.49433 18.002 0.047 5.61 1499.0
2452575.49243 18.032 0.047 4.77 2029.0
2452706.87963 18.050 0.032 4.79 836.0
2452714.86386 18.131 0.029 4.14 747.0
2452728.89320 18.039 0.037 5.32 876.0
2452733.87629 18.110 0.038 4.54 1058.0
2452744.86438 17.999 0.027 3.55 942.0
2452753.85001 18.095 0.037 4.88 1003.0
2452756.90851 18.137 0.036 4.57 1010.0
2452760.86210 18.060 0.036 4.70 1125.0
2452766.91526 18.164 0.037 4.21 1040.0
2452770.78602 18.078 0.035 4.53 1055.0
2452783.73060 18.085 0.028 3.81 830.0
2452785.83551 18.048 0.036 4.82 1187.0
2452786.89596 18.079 0.041 4.80 1389.0
2452789.70616 18.051 0.027 3.62 885.0
2452791.68536 18.058 0.030 4.69 750.0
2452794.89192 18.054 0.033 4.26 1111.0
2452796.77315 18.042 0.027 3.62 774.0
2452797.93584 18.165 0.038 5.01 1077.0
2452809.67927 18.092 0.033 4.18 998.0
2452810.84616 18.128 0.036 4.31 1251.0
2452811.87790 18.068 0.034 4.56 1146.0
2452813.67469 18.100 0.035 5.29 747.0
2452814.69675 18.170 0.032 3.96 801.0
2452816.55997 18.107 0.032 4.06 848.0
2452818.54748 18.056 0.037 5.34 928.0
2452820.68504 18.024 0.031 4.18 949.0
2452826.71304 18.122 0.031 4.22 808.0
2452834.74947 17.953 0.062 4.21 3737.0
2452837.59124 18.152 0.058 5.58 1732.0
2452839.63945 18.031 0.036 5.22 967.0
2452841.65283 18.171 0.037 4.44 991.0
2452845.61370 18.052 0.036 5.10 883.0
2452849.79305 18.049 0.050 6.41 1215.0
2452852.48996 18.064 0.046 6.17 1105.0
2452854.48419 18.041 0.043 5.65 1123.0
2452856.67723 18.078 0.042 5.44 1167.0
2452858.64263 18.087 0.044 4.06 2141.0
2452862.56915 18.131 0.041 4.60 1184.0
2452865.67843 18.092 0.031 3.55 1142.0
2452868.55822 18.083 0.027 3.65 822.0
2452871.66546 18.074 0.028 3.59 944.0
2452876.54906 18.066 0.033 4.68 834.0
2452879.59322 18.089 0.035 5.12 838.0
2452885.48806 17.998 0.042 5.76 1104.0
2452894.59592 18.130 0.044 5.53 1071.0
2452898.58077 18.055 0.041 4.87 1098.0
2452904.55355 18.121 0.047 5.95 990.0
2452908.61640 18.192 0.062 7.47 1040.0
2452909.54809 18.091 0.041 5.15 1020.0
2452917.58697 18.112 0.040 4.94 1261.0
2452930.53067 18.125 0.037 4.05 1181.0
2453051.86594 18.074 0.048 5.60 1602.0
2453058.85943 18.181 0.033 4.39 893.0
2453062.89433 18.048 0.024 3.92 771.0
2453063.88304 18.010 0.026 4.23 842.0
2453067.85793 18.038 0.027 3.75 800.0
2453070.81786 18.294 0.060 6.37 1188.0
2453072.89668 18.029 0.025 3.51 874.0
2453075.79359 18.140 0.041 5.19 1128.0
2453079.85003 18.135 0.037 3.18 1883.0
2453082.81288 18.023 0.026 3.67 762.0
2453082.83644 18.068 0.027 3.83 735.0
2453082.87561 18.067 0.028 4.03 750.0
2453082.89961 18.121 0.030 4.17 737.0
2453083.77264 18.058 0.025 3.54 737.0
2453083.87165 18.061 0.027 3.89 747.0
2453084.75267 18.093 0.035 5.37 731.0
2453085.87157 18.069 0.025 3.68 685.0
2453086.80248 18.083 0.026 3.51 751.0
2453087.82318 18.065 0.029 4.35 699.0
2453088.75821 17.998 0.026 4.15 706.0
2453089.76334 18.048 0.029 4.13 786.0
2453090.82604 17.972 0.026 4.26 648.0
2453091.78666 18.115 0.027 3.69 702.0
2453092.87883 18.105 0.039 6.13 681.0
2453093.89080 18.197 0.043 6.08 723.0
2453096.82416 18.091 0.037 5.53 821.0
2453097.79269 18.041 0.040 5.72 932.0
2453097.87705 18.071 0.026 3.73 746.0
2453097.89617 18.086 0.026 3.70 739.0
2453097.91547 18.086 0.027 3.81 769.0
2453098.75097 18.111 0.029 4.04 919.0
2453098.86797 18.097 0.025 3.42 725.0
2453099.78987 18.064 0.031 4.53 880.0
2453100.82195 18.002 0.028 4.00 865.0
2453102.78472 18.029 0.031 3.84 1041.0
2453103.85855 18.032 0.033 4.18 999.0
2453106.79298 18.151 0.062 3.82 2772.0
2453108.73060 18.077 0.026 3.75 840.0
2453109.75719 18.121 0.028 3.84 800.0
2453110.79666 17.995 0.027 3.95 890.0
2453111.83069 18.081 0.029 4.24 734.0
2453112.80394 18.094 0.029 4.78 643.0
2453113.83778 18.064 0.027 4.32 634.0
2453114.74794 18.048 0.025 3.87 725.0
2453115.83047 18.095 0.029 4.21 737.0
2453118.89196 18.068 0.033 4.66 850.0
2453122.87544 18.017 0.041 6.52 832.0
2453125.83203 17.995 0.034 5.54 810.0
2453126.86134 18.043 0.027 3.82 889.0
2453127.76690 18.006 0.029 3.80 954.0
2453128.78527 18.008 0.028 3.77 966.0
2453129.75998 18.025 0.032 4.09 1084.0
2453131.64756 18.012 0.052 5.31 2265.0
2453134.72772 18.093 0.052 4.57 2011.0
2453135.82813 18.133 0.027 3.39 865.0
2453137.90373 18.017 0.032 4.57 1087.0
2453138.78799 18.168 0.029 3.88 742.0
2453139.83215 18.125 0.027 3.81 704.0
2453140.83957 18.039 0.028 4.29 733.0
2453142.73177 18.026 0.025 4.05 711.0
2453144.75233 18.088 0.027 4.09 691.0
2453146.72588 18.057 0.032 5.23 696.0
2453151.71460 18.019 0.035 5.79 724.0
2453152.71836 18.029 0.030 4.44 794.0
2453152.93173 18.072 0.044 6.03 1021.0
2453153.72235 18.083 0.044 6.89 756.0
2453154.78243 18.124 0.038 5.57 836.0
2453156.76583 18.055 0.031 4.17 933.0
2453158.83638 18.060 0.039 4.65 1307.0
2453162.77732 18.061 0.033 4.28 996.0
2453163.73865 18.120 0.028 3.47 898.0
2453164.69690 18.027 0.026 3.69 756.0
2453165.76820 18.156 0.023 3.31 684.0
2453166.85609 18.048 0.043 6.11 989.0
2453168.55581 18.017 0.031 5.10 798.0
2453168.89407 18.126 0.036 4.69 1033.0
2453169.69068 18.086 0.030 4.34 750.0
2453170.76326 18.075 0.026 3.76 694.0
2453172.70279 18.098 0.024 3.83 618.0
2453174.67439 18.097 0.024 3.50 725.0
2453175.68374 18.074 0.023 3.09 792.0
2453176.72672 17.941 0.038 6.73 739.0
2453178.74489 18.078 0.032 4.69 853.0
2453179.75787 18.080 0.028 4.31 682.0
2453180.67061 18.059 0.021 3.22 619.0
2453182.73777 18.096 0.027 4.07 657.0
2453183.69624 18.058 0.035 5.24 739.0
2453184.66377 18.071 0.023 3.46 692.0
2453185.81975 18.017 0.029 3.99 913.0
2453193.49749 18.012 0.043 6.24 1029.0
2453193.83461 18.051 0.048 7.30 953.0
2453194.60693 18.047 0.031 4.06 1014.0
2453195.66342 18.121 0.026 3.62 706.0
2453196.70712 18.086 0.036 5.35 800.0
2453197.49303 18.160 0.034 4.43 949.0
2453197.60708 18.077 0.028 4.09 712.0
2453197.66013 17.996 0.028 4.73 686.0
2453197.74030 18.054 0.029 4.32 747.0
2453197.80477 18.083 0.035 5.01 941.0
2453197.83745 18.127 0.041 5.45 1102.0
2453198.70176 18.085 0.030 4.92 654.0
2453199.57912 18.085 0.036 5.97 708.0
2453199.75189 18.073 0.038 6.07 756.0
2453201.49717 18.021 0.031 4.84 884.0
2453202.50268 18.107 0.030 4.65 736.0
2453203.62369 18.084 0.021 3.11 644.0
2453204.58457 17.997 0.023 4.23 590.0
2453205.72626 18.090 0.022 3.76 559.0
2453206.63384 18.088 0.025 4.19 602.0
2453209.67564 18.078 0.036 6.08 670.0
2453210.62194 18.047 0.030 4.99 820.0
2453211.71959 18.053 0.038 6.56 634.0
2453217.61639 18.136 0.031 3.50 1055.0
2453218.61570 18.051 0.036 4.88 1128.0
2453219.68205 18.102 0.050 7.03 893.0
2453223.61311 18.058 0.040 6.43 757.0
2453224.66281 18.014 0.024 3.48 762.0
2453226.57609 18.173 0.035 5.51 584.0
2453228.55863 18.107 0.029 4.81 652.0
2453229.59234 18.131 0.024 3.45 669.0
2453230.63093 18.095 0.024 3.98 577.0
2453231.53194 17.919 0.029 5.06 771.0
2453232.56063 18.110 0.043 6.80 726.0
2453238.58155 18.082 0.033 5.24 764.0
2453239.54126 18.157 0.033 4.91 743.0
2453240.61801 18.119 0.037 6.17 692.0
2453245.51118 18.066 0.039 5.12 1076.0
2453246.66947 18.023 0.046 6.83 973.0
2453247.63899 18.010 0.035 5.00 935.0
2453249.49051 18.104 0.035 5.32 685.0
2453250.61810 18.055 0.036 5.22 877.0
2453253.61142 18.048 0.029 5.23 621.0
2453256.59428 18.048 0.039 6.15 703.0
2453259.58648 17.952 0.035 6.21 700.0
2453260.55205 18.093 0.052 7.49 790.0
2453267.49346 18.116 0.042 5.85 920.0
2453271.57904 18.190 0.085 5.89 3091.0
2453274.59059 18.057 0.041 6.09 922.0
2453278.56459 17.985 0.040 4.81 1335.0
2453281.54536 18.084 0.035 5.06 728.0
2453294.51107 17.957 0.030 5.96 459.0
2453295.48624 18.146 0.045 4.94 1271.0
2453296.50923 18.270 0.033 4.71 513.0
2453299.48962 18.204 0.035 4.78 690.0
2453308.52960 18.004 0.054 6.90 1242.0
2453309.54783 17.957 0.041 6.22 1207.0
2453312.49660 18.126 0.073 7.77 1548.0
2453416.86609 17.990 0.028 4.82 755.0
2453421.85535 18.060 0.029 5.40 630.0
2453425.88232 18.216 0.043 5.51 925.0
2453428.87837 18.075 0.028 4.35 763.0
2453432.85198 18.080 0.045 4.54 2100.0
2453442.85261 18.031 0.029 4.95 702.0
2453444.90550 17.984 0.028 4.67 753.0
2453447.81868 18.030 0.028 5.18 691.0
2453449.83155 17.933 0.027 5.33 636.0
2453452.85212 18.100 0.026 3.86 684.0
2453454.90559 18.023 0.030 4.44 990.0
2453458.76473 18.077 0.031 4.66 942.0
2453459.81237 18.167 0.035 4.49 959.0
2453468.84117 18.043 0.022 3.62 704.0
2453469.84807 18.122 0.024 3.76 627.0
2453471.87559 17.919 0.030 5.79 655.0
2453473.84355 18.088 0.032 5.13 665.0
2453474.86700 17.973 0.028 5.15 635.0
2453474.88798 17.980 0.025 4.39 642.0
2453476.73615 18.045 0.021 3.87 571.0
2453478.75547 18.104 0.027 4.59 576.0
2453479.89266 18.113 0.023 3.52 649.0
2453481.78338 18.017 0.023 3.84 682.0
2453484.73913 18.026 0.041 3.66 2738.0
2453496.68754 18.122 0.031 4.82 771.0
2453497.75497 18.061 0.032 5.16 771.0
2453498.90069 18.071 0.029 4.39 800.0
2453499.71252 18.036 0.022 4.07 600.0
2453500.69539 18.145 0.029 4.61 647.0
2453501.73154 18.010 0.030 5.00 746.0
2453502.73195 18.156 0.028 4.06 742.0
2453503.65698 18.069 0.025 4.37 688.0
2453504.83760 18.081 0.027 4.34 590.0
2453506.84924 18.057 0.028 4.28 705.0
2453508.71568 18.084 0.043 6.53 774.0
2453509.74626 18.072 0.023 3.74 616.0
2453510.88161 18.148 0.025 3.45 698.0
2453511.79838 18.070 0.025 3.34 840.0
2453512.81779 18.122 0.035 4.18 1070.0
2453517.82145 18.119 0.029 3.90 954.0
2453520.77867 18.019 0.028 4.79 736.0
2453522.70466 18.063 0.019 3.12 585.0
2453523.76577 18.039 0.022 3.47 666.0
2453523.90827 18.139 0.039 5.65 832.0
2453524.66793 18.133 0.030 5.02 597.0
2453525.66200 18.088 0.027 4.44 625.0
2453526.71478 18.043 0.024 3.84 639.0
2453527.74855 18.095 0.025 4.05 607.0
2453528.68942 18.116 0.027 4.56 581.0
2453529.64742 18.056 0.022 3.91 517.0
2453530.65545 17.995 0.019 3.33 594.0
2453538.62554 18.053 0.026 4.36 677.0
2453540.61956 18.097 0.033 4.93 795.0
2453544.82063 18.044 0.037 4.81 1135.0
2453547.75215 18.195 0.038 5.52 661.0
2453550.59900 18.017 0.030 4.76 792.0
2453551.60130 18.062 0.020 3.82 551.0
2453552.62999 17.960 0.023 4.55 816.0
2453553.75769 18.004 0.033 5.24 785.0
2453554.70736 18.049 0.031 4.93 659.0
2453555.77521 17.949 0.044 7.54 764.0
2453556.68744 18.079 0.025 3.93 585.0
2453558.49823 18.253 0.040 5.24 902.0
2453558.79691 18.141 0.032 5.35 590.0
2453559.57979 18.287 0.043 5.92 695.0
2453560.56814 18.029 0.027 4.44 657.0
2453561.51231 18.118 0.034 4.71 937.0
2453562.55296 18.135 0.028 4.37 652.0
2453562.80430 18.021 0.030 4.90 749.0
2453563.60712 18.073 0.023 3.68 614.0
2453564.58886 18.004 0.034 6.14 656.0
2453568.81542 17.986 0.039 6.70 897.0
2453569.47884 18.218 0.078 5.58 3055.0
2453572.80594 17.966 0.050 5.13 2402.0
2453573.61601 18.118 0.040 5.74 926.0
2453574.65704 18.169 0.037 5.00 772.0
2453575.50455 18.114 0.028 4.45 705.0
2453576.65851 18.078 0.028 4.36 679.0
2453577.72618 18.123 0.035 5.81 618.0
2453578.63139 18.098 0.027 4.30 543.0
2453579.58867 18.016 0.023 4.20 607.0
2453579.75641 18.004 0.029 5.29 626.0
2453580.61848 18.031 0.025 4.07 628.0
2453581.64195 18.085 0.025 3.95 625.0
2453582.58995 18.057 0.022 3.94 522.0
2453583.60403 18.075 0.031 5.19 548.0
2453584.61277 18.034 0.021 3.48 564.0
2453585.60298 18.068 0.026 4.50 551.0
2453586.64877 18.109 0.025 3.67 593.0
2453589.64141 18.017 0.019 3.28 548.0
2453590.61033 18.068 0.023 3.48 613.0
2453592.61716 18.040 0.023 3.88 586.0
2453593.63833 17.979 0.023 4.45 519.0
2453594.67158 18.072 0.029 4.86 646.0
2453601.61742 18.096 0.031 4.27 915.0
2453601.71898 17.974 0.037 5.65 1207.0
2453602.46982 18.011 0.049 5.70 1569.0
2453602.52032 18.092 0.040 5.17 945.0
2453602.63347 18.188 0.035 4.34 960.0
2453603.60753 18.070 0.028 4.22 712.0
2453606.63433 18.061 0.036 5.68 765.0
2453607.60585 18.005 0.027 4.93 608.0
2453608.61276 18.024 0.026 4.52 580.0
2453615.54422 18.037 0.025 4.47 603.0
2453616.55593 18.072 0.035 5.24 764.0
2453618.53256 18.129 0.028 4.07 658.0
2453619.55716 18.056 0.031 4.66 788.0
2453621.55679 17.997 0.034 5.97 657.0
2453628.53068 18.136 0.034 4.08 1060.0
2453629.61537 18.003 0.036 5.15 1050.0
2453631.50029 18.098 0.039 4.95 1021.0
2453633.51333 18.116 0.034 5.23 723.0
2453637.60950 18.149 0.041 6.19 779.0
2453639.56312 18.117 0.024 3.41 672.0
2453641.51523 18.179 0.043 5.53 852.0
2453643.59163 18.010 0.043 6.80 890.0
2453648.50744 18.092 0.030 4.60 719.0
2453650.54487 18.106 0.031 4.31 807.0
2453654.51670 18.113 0.049 4.53 1673.0
2453655.49014 17.953 0.033 4.19 1196.0
2453657.50284 18.055 0.041 5.13 1089.0
2453660.49698 18.062 0.040 4.54 1205.0
2453662.50224 18.028 0.033 4.80 945.0
2453666.52971 18.000 0.030 4.05 1144.0
2453775.87869 18.024 0.033 5.16 874.0
2453784.84806 18.014 0.030 4.24 1023.0
2453787.83872 18.109 0.036 4.60 1020.0
2453790.86941 18.086 0.039 4.38 1282.0
2453790.90130 17.881 0.035 3.42 2369.0
2453791.85947 18.093 0.034 4.76 846.0
2453792.86601 18.055 0.024 3.74 674.0
2453793.87699 18.053 0.027 3.72 861.0
2453794.82301 17.999 0.035 5.97 788.0
2453795.90224 18.250 0.041 4.44 1169.0
2453796.86272 18.140 0.031 4.62 740.0
2453797.90246 18.085 0.027 3.43 994.0
2453798.80132 18.055 0.030 4.61 795.0
2453799.85735 18.136 0.038 5.18 956.0
2453799.90542 18.018 0.040 4.51 1609.0
2453800.88368 18.078 0.029 4.48 665.0
2453801.78413 18.108 0.034 4.80 894.0
2453801.86589 18.039 0.027 3.59 818.0
2453801.90589 18.104 0.040 4.15 1298.0
2453802.78982 18.046 0.029 4.55 821.0
2453802.83147 17.983 0.026 3.88 825.0
2453802.91188 18.156 0.052 4.45 2156.0
2453803.78004 18.088 0.031 3.85 1050.0
2453803.86674 18.114 0.026 3.13 838.0
2453803.90678 18.034 0.030 3.92 1049.0
2453804.78153 18.163 0.040 5.77 780.0
2453804.90458 18.131 0.038 6.23 809.0
2453805.78281 18.204 0.041 5.31 886.0
2453805.87941 18.004 0.027 3.94 760.0
2453806.80291 18.061 0.029 4.31 839.0
2453807.78232 18.181 0.049 6.24 1108.0
2453807.81663 18.100 0.037 4.94 1020.0
2453808.77632 17.961 0.033 4.96 1146.0
2453809.77914 18.072 0.032 4.35 1130.0
2453810.76809 18.052 0.035 4.74 1115.0
2453810.82375 18.076 0.032 4.28 999.0
2453811.81975 18.106 0.039 5.41 856.0
2453812.81149 18.035 0.032 4.69 919.0
2453813.78729 18.137 0.032 4.34 873.0
2453814.80431 18.078 0.030 3.93 1003.0
2453815.80831 17.971 0.027 3.79 987.0
2453817.80766 18.162 0.033 3.85 1056.0
2453818.86652 18.134 0.027 3.64 775.0
2453819.78212 18.132 0.026 3.77 658.0
2453820.75242 18.095 0.027 3.96 762.0
2453820.91992 18.081 0.036 3.55 1766.0
2453821.75288 18.046 0.029 4.72 691.0
2453822.79501 18.100 0.032 4.71 760.0
2453823.75105 18.059 0.028 4.58 712.0
2453824.76855 18.151 0.041 5.94 799.0
2453825.78216 18.050 0.041 6.69 727.0
2453826.76211 18.037 0.028 4.96 656.0
2453827.78179 17.983 0.026 4.77 635.0
2453828.75538 18.027 0.038 6.29 755.0
2453829.79071 18.087 0.029 4.63 680.0
2453830.71243 18.093 0.032 4.91 860.0
2453831.70888 18.080 0.028 4.30 818.0
2453832.72337 17.956 0.024 4.29 728.0
2453833.74173 18.098 0.029 5.10 646.0
2453834.71103 18.055 0.037 5.71 892.0
2453835.71640 18.080 0.035 5.30 895.0
2453835.90247 18.070 0.023 3.29 672.0
2453836.74482 18.063 0.040 5.83 938.0
2453836.91245 18.004 0.024 3.47 771.0
2453837.71135 18.075 0.038 5.54 1016.0
2453837.88358 18.007 0.023 3.17 845.0
2453838.71882 17.985 0.039 5.90 1081.0
2453839.72017 18.088 0.041 5.79 1070.0
2453839.90667 18.173 0.041 4.75 1088.0
2453840.73216 18.015 0.035 5.24 1051.0
2453840.89094 18.100 0.029 3.47 959.0
2453841.69011 18.103 0.040 5.69 1144.0
2453841.92150 18.100 0.029 3.27 1299.0
2453842.82346 18.104 0.029 3.58 1027.0
2453845.69983 17.966 0.056 6.37 2286.0
2453846.68027 18.046 0.035 5.59 844.0
2453847.77696 18.003 0.033 5.46 768.0
2453848.73196 18.166 0.037 5.69 672.0
2453849.72769 18.051 0.029 4.64 740.0
2453849.93054 18.098 0.034 3.72 1212.0
2453850.67431 18.088 0.031 5.00 799.0
2453850.72852 18.066 0.029 4.50 715.0
2453850.84686 18.142 0.033 4.30 769.0
2453850.91841 18.068 0.030 4.06 913.0
2453851.68810 18.135 0.035 5.74 740.0
2453851.85334 18.088 0.033 4.86 730.0
2453852.67886 17.997 0.033 5.66 793.0
2453852.90736 17.976 0.033 5.42 752.0
2453853.66714 18.160 0.033 5.57 740.0
2453853.83477 18.061 0.022 3.35 623.0
2453853.90627 18.080 0.022 3.25 689.0
2453854.66152 17.956 0.039 6.48 841.0
2453855.76268 18.059 0.022 3.64 674.0
2453856.65711 18.131 0.032 4.47 947.0
2453856.82348 18.089 0.031 4.28 794.0
2453857.89376 18.083 0.026 3.82 804.0
2453858.68574 18.067 0.028 4.96 678.0
2453859.77616 18.135 0.028 4.46 627.0
2453860.79238 17.983 0.037 6.26 766.0
2453861.64599 18.099 0.035 5.29 882.0
2453861.75295 18.134 0.028 4.18 655.0
2453862.65104 18.158 0.034 5.04 950.0
2453862.83902 18.040 0.023 3.17 777.0
2453862.91507 18.114 0.028 3.38 951.0
2453863.66663 18.096 0.032 5.03 973.0
2453863.88688 18.071 0.024 3.39 722.0
2453864.65471 18.002 0.032 5.21 856.0
2453864.84715 18.043 0.022 3.11 661.0
2453865.71462 18.004 0.027 3.93 839.0
2453865.85819 18.119 0.032 4.49 770.0
2453865.92717 18.146 0.026 3.72 742.0
2453866.66621 18.035 0.029 4.45 890.0
2453866.80586 18.080 0.027 3.85 726.0
2453866.88406 18.101 0.029 3.66 825.0
2453867.68110 18.115 0.032 3.57 1321.0
2453867.86672 18.013 0.026 3.12 1062.0
2453868.68902 18.131 0.040 4.68 1236.0
2453868.83309 18.061 0.035 4.21 1130.0
2453868.91295 18.145 0.039 4.09 1242.0
2453869.66652 18.094 0.032 3.78 1372.0
2453869.84830 18.002 0.035 4.10 1338.0
2453872.86366 18.022 0.026 3.42 887.0
2453873.67210 18.173 0.030 4.21 781.0
2453873.81440 18.197 0.029 3.63 745.0
2453873.88626 18.012 0.027 3.76 837.0
2453874.72393 18.047 0.032 4.81 698.0
2453874.89795 18.136 0.030 3.93 808.0
2453875.68448 18.011 0.023 3.97 636.0
2453875.83952 18.059 0.024 3.38 713.0
2453875.93761 18.011 0.027 4.13 935.0
2453876.61160 18.177 0.030 4.76 668.0
2453877.68855 18.082 0.023 3.67 622.0
2453877.83728 18.129 0.027 3.85 731.0
2453877.91135 18.074 0.039 5.32 915.0
2453879.64452 18.025 0.024 4.58 595.0
2453880.81378 18.160 0.032 4.36 780.0
2453880.89283 18.119 0.028 4.03 814.0
2453881.63930 18.100 0.031 4.60 822.0
2453881.85480 18.036 0.024 3.39 796.0
2453881.90141 18.079 0.024 3.15 912.0
2453882.62423 18.044 0.029 4.70 747.0
2453882.77772 18.062 0.024 3.75 701.0
2453882.85158 18.067 0.027 3.87 793.0
2453882.92037 18.067 0.025 3.81 775.0
2453883.61176 18.012 0.034 5.67 816.0
2453883.80885 18.086 0.030 4.51 692.0
2453886.57109 17.882 0.029 6.05 738.0
2453886.77231 18.117 0.028 4.04 667.0
2453886.84758 18.056 0.023 3.58 659.0
2453886.94553 18.053 0.050 6.61 1226.0
2453887.62486 18.017 0.029 5.17 685.0
2453887.75131 18.083 0.028 4.50 629.0
2453887.85544 18.061 0.030 4.75 724.0
2453887.92752 17.992 0.028 4.56 859.0
2453889.63890 18.081 0.027 4.40 668.0
2453889.91372 18.024 0.032 4.53 990.0
2453891.64827 18.052 0.032 5.28 706.0
2453891.76999 18.097 0.037 5.68 736.0
2453891.85218 18.014 0.028 4.44 752.0
2453892.90092 18.061 0.028 4.28 825.0
2453893.58287 18.002 0.032 5.51 892.0
2453893.82924 18.158 0.037 5.25 758.0
2453894.64312 18.076 0.036 5.84 687.0
2453894.85844 18.014 0.034 5.63 709.0
2453896.57913 18.171 0.049 5.80 1214.0
2453900.50691 18.128 0.050 6.80 1174.0
2453900.69232 18.138 0.031 3.67 1083.0
2453900.77666 18.085 0.030 3.75 981.0
2453900.84516 18.034 0.030 3.99 1060.0
2453901.52177 18.118 0.040 5.92 884.0
2453901.69796 18.097 0.028 3.61 879.0
2453901.77569 18.050 0.028 4.12 766.0
2453901.84879 17.994 0.032 4.83 904.0
2453902.53330 18.130 0.039 5.93 836.0
2453902.72034 18.109 0.027 3.67 751.0
2453902.83319 18.123 0.039 5.21 968.0
2453903.87423 18.093 0.038 5.43 904.0
2453904.53264 18.144 0.034 5.25 816.0
2453904.69510 18.140 0.024 3.24 686.0
2453904.76457 18.152 0.027 3.46 708.0
2453904.83729 18.074 0.027 3.86 793.0
2453905.52947 18.018 0.029 4.58 898.0
2453905.70582 18.064 0.027 3.84 741.0
2453905.77609 18.053 0.022 3.26 767.0
2453905.84469 18.122 0.025 3.63 772.0
2453906.53734 18.075 0.038 5.56 904.0
2453906.73019 18.121 0.025 3.43 666.0
2453906.80337 18.151 0.028 3.51 750.0
2453906.89196 18.224 0.041 5.32 890.0
2453907.57162 18.107 0.032 5.16 668.0
2453907.75696 18.013 0.041 6.40 779.0
2453907.84140 18.114 0.042 5.74 860.0
2453908.50963 18.098 0.040 5.41 1097.0
2453908.69570 18.019 0.025 3.54 743.0
2453908.77341 18.083 0.026 3.76 723.0
2453908.85610 17.967 0.025 3.98 778.0
2453909.50923 18.191 0.052 6.40 1229.0
2453909.68769 18.076 0.022 3.53 561.0
2453909.69997 18.094 0.023 3.53 582.0
2453909.74372 18.058 0.021 3.40 562.0
2453909.76212 18.114 0.022 3.44 566.0
2453909.78242 18.062 0.022 3.40 593.0
2453909.82598 18.045 0.026 4.25 659.0
2453909.86203 18.074 0.032 4.80 802.0
2453910.52972 18.074 0.037 5.36 981.0
2453912.50415 18.059 0.029 4.88 888.0
2453912.69556 18.067 0.019 3.01 568.0
2453912.78691 18.059 0.022 3.46 585.0
2453912.87481 18.052 0.029 4.93 736.0
2453913.49704 18.146 0.028 4.07 785.0
2453913.69893 18.132 0.025 3.52 628.0
2453913.79441 18.052 0.023 3.41 712.0
2453913.88042 18.097 0.034 5.19 776.0
2453914.52304 18.097 0.033 5.16 837.0
2453914.75460 18.001 0.024 4.03 663.0
2453915.49878 18.140 0.036 5.23 922.0
2453915.51593 17.989 0.029 4.77 848.0
2453915.54482 18.150 0.035 5.14 810.0
2453915.57381 18.130 0.029 4.58 691.0
2453915.60800 18.091 0.032 5.23 640.0
2453915.64564 18.107 0.025 3.96 592.0
2453915.68430 18.046 0.025 4.03 614.0
2453915.69432 18.072 0.028 4.49 624.0
2453915.70309 18.095 0.027 4.28 613.0
2453915.75111 18.085 0.027 4.39 605.0
2453915.77711 18.009 0.027 4.75 596.0
2453915.79499 18.053 0.025 4.07 606.0
2453915.81205 18.089 0.026 4.17 655.0
2453915.84500 17.928 0.030 5.68 687.0
2453915.87428 18.126 0.034 5.28 757.0
2453916.51427 18.089 0.035 5.61 825.0
2453916.53479 18.099 0.038 5.89 822.0
2453916.54350 18.173 0.040 5.76 796.0
2453916.58679 17.967 0.033 6.07 680.0
2453916.62171 18.213 0.037 5.16 717.0
2453916.68951 18.032 0.024 3.85 662.0
2453916.76501 18.113 0.037 5.76 750.0
2453916.79783 18.024 0.039 6.65 719.0
2453916.82744 18.017 0.030 5.13 670.0
2453917.54204 18.016 0.032 5.79 731.0
2453917.62364 17.966 0.030 5.27 744.0
2453917.66187 17.999 0.032 5.42 725.0
2453917.70226 18.011 0.023 3.55 754.0
2453917.74014 18.070 0.030 4.85 707.0
2453917.78239 18.024 0.043 6.82 793.0
2453917.79448 18.019 0.030 4.83 786.0
2453918.50369 18.025 0.034 5.61 913.0
2453918.51293 18.029 0.033 5.50 881.0
2453918.52240 18.074 0.036 5.48 898.0
2453918.53510 18.024 0.036 5.76 861.0
2453918.56295 18.157 0.041 5.57 819.0
2453918.58581 18.069 0.040 5.71 797.0
2453918.60482 18.029 0.030 4.87 1139.0
2453918.62574 18.036 0.031 5.17 721.0
2453918.65390 18.081 0.026 3.92 702.0
2453918.67901 18.086 0.029 4.24 687.0
2453918.70231 18.069 0.027 3.90 670.0
2453918.72680 18.155 0.036 5.19 665.0
2453918.74443 18.013 0.025 4.07 663.0
2453918.78254 18.032 0.030 4.60 724.0
2453918.80640 18.120 0.033 4.64 788.0
2453918.83583 18.202 0.042 5.72 802.0
2453918.86805 17.948 0.041 6.58 905.0
2453919.49657 18.023 0.037 5.38 1106.0
2453919.56389 18.023 0.034 5.38 848.0
2453919.63954 18.060 0.030 4.59 739.0
2453919.67472 18.088 0.030 4.95 674.0
2453919.72910 18.131 0.025 3.96 629.0
2453919.79320 18.060 0.024 3.92 678.0
2453919.84527 18.142 0.044 6.09 833.0
2453920.47445 18.086 0.037 5.28 936.0
2453920.48637 18.122 0.038 5.51 878.0
2453920.50422 18.131 0.035 5.15 808.0
2453920.53028 18.031 0.027 4.29 733.0
2453920.59162 18.148 0.031 4.32 664.0
2453920.68293 18.166 0.037 5.51 647.0
2453920.76493 18.095 0.024 3.48 688.0
2453920.83467 17.936 0.025 4.16 856.0
2453921.47445 18.183 0.037 4.41 1051.0
2453921.48635 18.063 0.035 4.75 992.0
2453921.56911 18.134 0.036 4.23 928.0
2453921.64019 18.022 0.036 5.72 748.0
2453921.68380 18.135 0.041 5.65 734.0
2453921.77209 17.969 0.038 6.13 739.0
2453921.80543 17.999 0.040 6.02 788.0
2453922.68356 18.148 0.042 6.31 727.0
2453922.73034 18.032 0.038 6.10 765.0
2453930.48647 18.025 0.031 4.81 917.0
2453930.76065 18.079 0.042 5.83 1037.0
2453931.47136 18.006 0.041 6.02 1085.0
2453932.50289 18.073 0.036 5.43 907.0
2453932.77819 18.106 0.032 4.53 794.0
2453933.48393 18.067 0.031 4.38 909.0
2453933.67376 18.110 0.021 3.24 605.0
2453933.74927 17.992 0.022 3.21 766.0
2453934.46669 18.196 0.039 4.50 1220.0
2453934.68345 18.004 0.025 4.30 616.0
2453934.75249 18.035 0.027 4.08 712.0
2453935.51663 17.984 0.028 4.76 728.0
2453935.68783 18.062 0.039 6.36 702.0
2453935.75647 18.132 0.030 5.02 639.0
2453936.46998 18.050 0.044 5.99 1094.0
2453936.63528 18.019 0.024 3.46 718.0
2453936.71184 18.088 0.027 3.60 734.0
2453937.47622 18.212 0.047 5.19 1101.0
2453937.75326 18.033 0.037 6.60 715.0
2453938.47460 18.007 0.039 5.67 980.0
2453938.66244 18.249 0.036 5.23 581.0
2453938.75145 18.205 0.040 5.59 662.0
2453939.54206 18.049 0.025 4.28 669.0
2453940.66033 18.048 0.022 3.74 590.0
2453940.79117 18.148 0.032 5.10 688.0
2453942.52799 18.027 0.042 6.90 729.0
2453944.50774 18.090 0.029 4.22 831.0
2453944.57108 18.140 0.027 4.17 661.0
2453944.61022 18.007 0.024 4.08 633.0
2453944.65586 18.053 0.026 4.35 624.0
2453945.46987 17.952 0.029 4.54 975.0
2453945.51612 18.031 0.027 4.11 765.0
2453945.54658 18.148 0.031 4.43 718.0
2453945.65690 18.060 0.027 3.93 742.0
2453945.69039 18.061 0.025 3.98 673.0
2453945.74623 18.184 0.035 5.29 704.0
2453945.79034 18.100 0.039 6.18 835.0
2453946.47325 18.181 0.042 5.44 864.0
2453946.55445 18.118 0.031 4.55 728.0
2453946.67844 18.023 0.028 4.89 644.0
2453946.75587 18.152 0.033 5.59 628.0
2453950.49010 18.023 0.033 5.48 782.0
2453950.69984 17.964 0.026 4.62 653.0
2453951.48993 18.063 0.034 4.94 844.0
2453951.72245 18.025 0.033 4.72 969.0
2453955.51206 18.196 0.052 5.81 1263.0
2453956.52096 18.244 0.056 6.32 1073.0
2453957.48308 18.013 0.031 4.25 1035.0
2453959.47964 18.053 0.034 5.04 863.0
2453959.66092 18.120 0.034 5.01 765.0
2453960.47587 18.090 0.035 4.82 887.0
2453960.65492 18.048 0.023 3.47 701.0
2453960.72705 17.979 0.030 4.89 920.0
2453961.53238 18.040 0.035 5.06 815.0
2453963.50856 18.070 0.031 4.72 723.0
2453963.68015 18.084 0.028 4.80 669.0
2453964.49288 18.089 0.032 4.73 749.0
2453964.70156 18.128 0.031 5.12 661.0
2453965.48188 18.027 0.030 4.75 715.0
2453965.67441 18.082 0.025 4.00 616.0
2453966.51187 18.059 0.029 4.04 796.0
2453966.66487 18.104 0.031 4.99 663.0
2453967.49338 18.017 0.039 6.45 753.0
2453967.69025 18.018 0.026 5.01 582.0
2453968.47369 18.069 0.036 4.80 1020.0
2453968.64555 18.137 0.030 4.12 672.0
2453968.71470 18.020 0.035 5.81 773.0
2453969.50228 17.986 0.030 5.14 699.0
2453969.65609 18.170 0.034 5.09 653.0
2453970.48284 18.045 0.033 5.22 744.0
2453970.66376 18.033 0.032 5.46 634.0
2453971.52097 17.931 0.037 6.23 694.0
2453971.69702 18.123 0.031 5.32 652.0
2453973.54768 17.942 0.032 5.86 622.0
2453974.48257 18.058 0.035 5.34 785.0
2453974.66163 18.074 0.033 5.60 656.0
2453975.48530 18.042 0.040 6.43 739.0
2453975.65676 18.150 0.033 5.14 743.0
2453976.48205 18.104 0.026 3.63 781.0
2453976.64923 18.003 0.032 5.48 796.0
2453979.48508 18.087 0.044 5.84 981.0
2453982.54117 18.014 0.043 5.23 1229.0
2453983.49160 18.288 0.066 6.19 1327.0
2453986.55483 18.135 0.045 6.29 872.0
2453987.48273 18.057 0.036 5.54 766.0
2453987.64370 18.213 0.040 6.00 874.0
2453988.48566 18.144 0.029 4.04 715.0
2453990.61682 17.988 0.036 6.49 740.0
2453993.58679 18.102 0.043 6.66 709.0
2453995.54349 18.100 0.028 4.18 705.0
2453996.54195 17.953 0.033 5.68 700.0
2453999.56423 17.952 0.033 5.63 718.0
2454001.49450 17.923 0.033 5.15 848.0
2454003.51478 18.025 0.025 3.87 743.0
2454004.49006 18.011 0.025 3.69 808.0
2454006.49686 17.988 0.033 4.75 861.0
2454011.59357 17.967 0.039 6.05 1026.0
2454012.54488 18.066 0.040 5.43 925.0
2454016.49235 18.001 0.035 5.12 900.0
2454018.51759 17.955 0.036 5.10 852.0
2454020.50697 17.942 0.036 6.02 738.0
2454023.51584 17.949 0.037 5.27 1083.0
2454025.53525 18.042 0.030 4.35 937.0
2454027.54017 18.178 0.041 5.47 891.0
2454030.53197 18.068 0.040 5.83 804.0
2454036.51320 18.179 0.057 6.14 1393.0
2454040.49435 18.273 0.078 5.52 2261.0
2454140.88499 18.035 0.057 6.34 1660.0
2454143.88227 18.147 0.050 5.03 1616.0
2454149.87419 18.057 0.039 5.71 928.0
2454153.86054 18.107 0.033 4.36 931.0
2454155.89649 18.156 0.043 4.52 1292.0
2454158.85847 18.116 0.035 4.39 961.0
2454161.82644 18.086 0.034 4.90 887.0
2454162.90779 18.088 0.046 3.83 2373.0
2454164.81498 18.056 0.037 4.56 1286.0
2454165.89537 17.995 0.043 4.82 1672.0
2454167.89933 18.058 0.031 4.07 1045.0
2454169.90291 18.104 0.034 3.85 1072.0
2454174.90536 18.091 0.032 4.06 985.0
2454175.85648 18.011 0.033 5.18 786.0
2454176.87886 18.060 0.031 3.90 930.0
2454178.77116 18.143 0.036 5.11 827.0
2454179.82996 18.056 0.028 3.71 868.0
2454180.90933 18.112 0.040 5.32 962.0
2454183.84731 18.090 0.033 4.74 805.0
2454184.88777 18.154 0.025 3.51 702.0
2454185.86368 18.056 0.032 4.67 761.0
2454189.89071 18.080 0.042 6.15 851.0
2454191.85341 18.018 0.043 6.21 1004.0
2454192.76866 18.050 0.044 5.81 1119.0
2454194.76808 18.099 0.039 5.20 1055.0
2454196.75834 18.101 0.042 5.39 1157.0
2454202.73976 18.085 0.032 4.03 1022.0
2454203.72793 17.999 0.025 3.87 791.0
2454203.91234 18.064 0.028 3.59 950.0
2454204.71622 18.075 0.037 5.40 923.0
2454205.71665 18.032 0.032 5.27 766.0
2454207.70612 18.023 0.035 5.38 936.0
2454207.88135 18.011 0.027 3.87 789.0
2454208.72824 18.115 0.030 4.02 816.0
2454209.76097 18.061 0.027 3.91 761.0
2454211.74090 18.089 0.038 5.33 755.0
2454212.90224 18.124 0.046 6.32 818.0
2454213.73487 18.094 0.034 5.39 741.0
2454215.72486 18.073 0.035 5.27 856.0
2454216.68217 18.055 0.035 5.32 922.0
2454216.87558 17.994 0.021 5.02 374.0
2454217.68781 18.114 0.031 4.03 935.0
2454218.71201 18.049 0.041 5.87 899.0
2454219.73346 18.183 0.045 6.26 848.0
2454220.67039 18.021 0.042 6.13 1051.0
2454221.71112 18.058 0.035 4.55 1099.0
2454222.89075 18.082 0.033 3.87 1136.0
2454223.67476 18.067 0.044 4.35 2035.0
2454224.76546 18.066 0.041 4.71 1327.0
2454228.65972 17.997 0.040 5.58 1167.0
2454228.89142 18.005 0.037 5.07 1152.0
2454229.65452 18.012 0.043 6.44 1011.0
2454229.85159 18.098 0.037 4.72 989.0
2454229.91317 18.003 0.032 4.53 1011.0
2454230.66434 18.074 0.031 4.25 855.0
2454230.85233 18.087 0.035 4.59 889.0
2454230.91404 18.120 0.050 6.16 1073.0
2454231.64869 18.051 0.034 5.12 891.0
2454231.82412 18.076 0.033 4.36 929.0
2454231.91707 18.034 0.040 5.46 1055.0
2454232.73150 18.071 0.038 5.10 1026.0
2454232.89854 18.100 0.041 5.32 989.0
2454233.76198 18.159 0.058 7.25 1027.0
2454234.68868 18.061 0.037 5.19 941.0
2454235.87376 18.119 0.037 4.83 871.0
2454237.67483 17.944 0.030 5.23 820.0
2454238.71245 18.109 0.032 4.38 829.0
2454238.85841 18.122 0.034 4.18 1052.0
2454238.92015 18.129 0.046 5.37 1211.0
2454239.61765 18.114 0.050 6.72 945.0
2454240.65989 18.102 0.032 4.42 885.0
2454240.78207 18.126 0.034 4.46 826.0
2454240.92248 18.092 0.036 4.80 961.0
2454243.62245 18.148 0.046 5.94 1022.0
2454243.71870 18.097 0.042 6.06 840.0
2454243.81227 17.990 0.033 4.97 879.0
2454243.93000 18.013 0.037 5.12 1085.0
2454244.59824 18.083 0.048 6.58 1148.0
2454244.69058 18.076 0.035 5.16 861.0
2454244.78717 18.083 0.029 3.63 874.0
2454245.59097 18.102 0.030 5.44 554.0
2454245.68467 17.990 0.025 4.08 698.0
2454245.77784 18.076 0.027 3.90 695.0
2454246.64967 18.136 0.035 4.99 838.0
2454246.74267 18.035 0.032 4.70 865.0
2454246.83594 18.055 0.033 4.39 983.0
2454247.63267 18.004 0.034 4.76 1127.0
2454247.79116 18.114 0.030 3.92 829.0
2454250.71300 18.118 0.038 4.60 1192.0
2454251.78453 18.159 0.059 5.69 1611.0
2454256.59982 18.060 0.049 6.50 1184.0
2454256.74667 18.063 0.039 5.13 1004.0
2454256.84447 18.116 0.056 6.75 1223.0
2454257.63170 18.037 0.040 5.79 965.0
2454258.61548 18.089 0.047 6.65 880.0
2454258.73817 18.076 0.032 4.46 875.0
2454258.83345 18.008 0.035 5.11 1016.0
2454267.57549 18.172 0.045 6.02 935.0
2454268.76291 18.034 0.034 5.06 870.0
2454268.88330 18.027 0.044 6.15 1072.0
2454269.55784 18.030 0.032 4.62 976.0
2454269.67889 18.097 0.030 4.50 724.0
2454269.76961 18.095 0.032 4.64 792.0
2454270.55334 18.156 0.039 4.84 1103.0
2454272.62176 18.061 0.029 3.99 899.0
2454272.77089 18.043 0.030 4.21 914.0
2454272.84240 18.087 0.036 4.55 1060.0
2454273.59874 18.140 0.046 5.90 1048.0
2454273.77960 18.023 0.036 4.62 1168.0
2454273.83940 18.105 0.039 4.30 1226.0
2454274.59123 18.066 0.039 4.77 1261.0
2454274.74578 18.050 0.031 4.02 980.0
2454274.80490 18.067 0.039 5.06 1067.0
2454275.58394 18.097 0.038 4.83 1115.0
2454275.75939 18.047 0.040 5.60 1137.0
2454275.81785 18.064 0.048 6.35 1174.0
2454275.87901 18.074 0.060 7.09 1440.0
2454276.56874 17.984 0.044 6.14 1137.0
2454277.51254 18.026 0.046 5.62 1415.0
2454277.68775 18.115 0.035 4.58 935.0
2454277.74820 18.062 0.037 5.24 926.0
2454277.80682 18.040 0.046 6.08 1158.0
2454278.54635 18.010 0.045 5.93 1338.0
2454278.73361 18.000 0.048 7.02 1020.0
2454278.80658 18.065 0.059 7.38 1313.0
2454283.49203 18.146 0.046 4.58 1609.0
2454283.70178 18.028 0.043 4.61 1372.0
2454284.48706 18.098 0.047 5.52 1234.0
2454284.71754 18.073 0.030 3.69 1072.0
2454284.77974 18.112 0.040 4.95 1206.0
2454284.84482 18.167 0.057 5.84 1617.0
2454285.48555 18.191 0.049 5.00 1372.0
2454285.67743 18.124 0.043 5.09 1023.0
2454285.74212 18.097 0.037 5.12 891.0
2454285.80767 18.053 0.041 5.95 982.0
2454286.48584 18.114 0.058 6.60 1474.0
2454286.77540 18.041 0.038 4.40 1514.0
2454289.48636 17.958 0.042 5.89 1147.0
2454289.71290 18.094 0.039 5.22 971.0
2454289.77794 18.086 0.041 5.56 977.0
2454289.84476 18.117 0.046 6.23 1004.0
2454290.54398 18.065 0.037 5.48 830.0
2454291.64634 18.093 0.031 4.30 775.0
2454291.76874 18.075 0.044 6.48 887.0
2454292.47206 18.141 0.041 4.95 1225.0
2454292.65018 18.103 0.031 4.03 837.0
2454292.70980 18.042 0.028 4.17 812.0
2454292.76853 18.115 0.030 4.00 854.0
2454292.83169 18.107 0.048 5.69 1117.0
2454293.47238 18.080 0.040 5.15 1092.0
2454293.73710 18.027 0.028 4.07 773.0
2454293.81470 18.122 0.039 5.55 887.0
2454294.47169 18.043 0.036 4.88 1127.0
2454295.47323 18.056 0.051 7.12 1018.0
2454295.67671 18.136 0.029 4.42 652.0
2454295.73541 18.078 0.029 4.49 674.0
2454295.81244 18.081 0.039 6.31 787.0
2454296.47450 18.139 0.045 5.79 960.0
2454296.66192 18.048 0.027 4.16 661.0
2454296.75068 18.056 0.031 4.82 747.0
2454297.49530 18.184 0.048 6.06 925.0
2454297.69504 18.073 0.032 4.68 720.0
2454297.79779 18.114 0.040 6.15 753.0
2454298.52998 18.093 0.037 5.10 781.0
2454298.63580 18.181 0.039 5.67 702.0
2454298.72931 18.085 0.036 5.69 751.0
2454299.51282 18.074 0.032 4.62 842.0
2454299.60617 18.030 0.026 4.11 685.0
2454299.69838 17.986 0.031 5.50 689.0
2454299.78856 18.030 0.040 6.66 766.0
2454300.50385 18.150 0.042 5.68 864.0
2454300.62813 18.098 0.025 3.41 661.0
2454300.72456 18.031 0.033 5.34 735.0
2454301.49876 18.024 0.031 4.47 1023.0
2454301.59104 18.066 0.028 3.77 839.0
2454301.68769 18.047 0.027 4.04 761.0
2454301.78624 18.110 0.032 4.84 756.0
2454302.55953 17.975 0.034 5.16 889.0
2454302.66643 18.018 0.036 5.78 772.0
2454303.64645 18.015 0.040 6.33 738.0
2454304.53254 18.130 0.056 6.61 1272.0
2454304.64193 18.157 0.042 4.98 1092.0
2454305.65775 18.119 0.048 6.59 836.0
2454306.51947 17.994 0.046 6.33 1122.0
2454306.65729 17.970 0.036 5.62 965.0
2454307.75784 18.062 0.040 4.99 1352.0
2454310.76369 18.197 0.057 5.03 2045.0
2454311.73333 18.007 0.049 5.91 1545.0
2454312.50314 18.083 0.052 5.93 1387.0
2454312.69831 18.105 0.042 5.44 1063.0
2454312.79590 18.001 0.043 5.81 1232.0
2454314.49668 18.019 0.039 6.19 783.0
2454315.53727 18.100 0.033 4.50 880.0
2454316.56613 18.024 0.029 4.51 774.0
2454317.48854 18.093 0.033 4.51 885.0
2454319.49759 17.980 0.033 5.03 926.0
2454319.75205 18.035 0.042 6.15 998.0
2454320.51311 18.055 0.037 5.40 826.0
2454326.47613 18.002 0.033 4.74 976.0
2454327.56922 18.062 0.043 6.24 826.0
2454328.49634 18.058 0.038 4.92 1055.0
2454328.67329 18.061 0.040 5.46 889.0
2454329.50698 17.972 0.029 4.03 867.0
2454329.65482 18.053 0.036 4.76 847.0
2454329.71362 18.070 0.046 6.84 930.0
2454330.51904 18.081 0.030 4.41 799.0
2454330.67003 18.075 0.034 5.20 807.0
2454331.49923 18.012 0.033 4.77 878.0
2454331.66575 18.100 0.040 6.07 765.0
2454332.47697 17.990 0.030 4.14 1039.0
2454333.50804 18.071 0.038 4.86 998.0
2454333.66911 18.076 0.034 4.56 920.0
2454334.48126 17.932 0.069 5.58 4065.0
2454334.51815 18.127 0.073 5.09 3567.0
2454334.57890 18.177 0.077 4.24 5044.0
2454338.48065 18.082 0.039 4.05 1492.0
2454339.50089 18.044 0.038 4.46 1286.0
2454339.67203 18.140 0.052 6.20 1236.0
2454340.56952 18.056 0.044 5.27 1252.0
2454341.48181 18.146 0.053 6.00 1214.0
2454342.47783 18.134 0.046 5.80 1065.0
2454342.51113 18.030 0.038 5.59 916.0
2454343.47919 18.082 0.032 3.81 1160.0
2454343.68692 18.076 0.044 6.22 1028.0
2454344.51786 18.100 0.045 5.53 996.0
2454345.48324 18.127 0.032 4.07 1000.0
2454346.49188 18.114 0.037 4.81 1016.0
2454347.51084 18.098 0.041 5.49 858.0
2454348.49430 18.081 0.035 5.02 887.0
2454348.50141 18.043 0.030 4.16 864.0
2454350.50644 18.056 0.035 4.50 943.0
2454351.48167 18.082 0.036 4.72 971.0
2454352.49236 18.054 0.042 5.75 953.0
2454353.48907 18.134 0.033 4.02 991.0
2454354.51764 18.066 0.029 3.75 947.0
2454355.50822 18.125 0.038 4.64 1050.0
2454356.48572 18.099 0.032 4.18 910.0
2454357.56892 18.056 0.042 6.14 913.0
2454358.52617 18.007 0.041 6.10 932.0
2454359.49500 18.024 0.036 5.07 986.0
2454361.54798 18.013 0.049 6.40 1110.0
2454362.48340 18.116 0.044 4.59 1644.0
2454365.54039 18.140 0.057 6.31 1216.0
2454367.51668 18.086 0.038 4.72 1213.0
2454368.55230 17.988 0.046 6.19 1156.0
2454369.50996 18.135 0.060 6.85 1270.0
2454370.53920 18.058 0.033 4.14 1162.0
2454371.51155 18.065 0.032 3.98 1045.0
2454372.49660 18.084 0.032 4.39 914.0
2454373.56265 18.044 0.036 4.38 1063.0
2454375.51692 18.118 0.057 7.07 1209.0
2454377.58680 18.095 0.054 7.22 1030.0
2454378.49684 18.079 0.039 5.45 911.0
2454379.51219 17.964 0.045 6.16 1023.0
2454380.52373 18.122 0.036 4.77 966.0
2454381.50169 18.130 0.054 6.28 1123.0
2454382.59022 18.093 0.047 6.05 1091.0
2454383.51521 18.062 0.032 4.29 973.0
2454384.55218 17.971 0.040 5.92 945.0
2454387.53949 18.041 0.040 5.20 1078.0
2454393.50956 18.041 0.031 4.03 1153.0
2454394.56696 17.932 0.045 5.67 1382.0
2454395.53839 17.948 0.042 5.35 1238.0
2454396.55087 18.088 0.055 5.49 1634.0
2454397.50972 18.045 0.045 5.46 1424.0
2454398.51734 18.083 0.044 4.88 1441.0
2454399.55295 18.044 0.051 5.75 1516.0
2454400.51229 18.054 0.046 5.25 1536.0
2454402.52693 17.995 0.051 6.48 1293.0
2454403.52791 18.108 0.054 6.08 1224.0
2454411.53287 18.064 0.059 6.61 1437.0
2454506.87947 17.798 0.036 5.56 1261.0
2454510.87867 17.892 0.031 4.79 977.0
2454513.83994 17.800 0.034 6.00 1037.0
2454517.83405 17.810 0.044 6.42 1460.0
2454519.81994 17.760 0.035 5.89 1192.0
2454522.84884 17.806 0.033 5.76 1099.0
2454524.83249 17.718 0.027 5.05 1123.0
2454530.79464 17.688 0.021 3.97 918.0
2454533.82343 17.663 0.024 5.47 770.0
2454535.87837 17.699 0.026 5.29 823.0
2454537.77802 17.662 0.026 5.82 818.0
2454538.87197 17.632 0.023 4.75 853.0
2454539.83315 17.664 0.020 4.17 746.0
2454540.84304 17.704 0.022 4.23 815.0
2454541.77213 17.667 0.023 4.95 768.0
2454542.76665 17.605 0.027 5.74 991.0
2454543.76228 17.634 0.025 5.45 934.0
2454544.75913 17.676 0.033 6.16 1104.0
2454545.74582 17.582 0.032 6.07 1190.0
2454546.75246 17.596 0.026 4.94 1184.0
2454547.76662 17.584 0.022 4.07 1161.0
2454548.81952 17.632 0.023 4.57 1001.0
2454550.79176 17.613 0.026 5.39 957.0
2454551.73810 17.595 0.027 5.24 1176.0
2454552.78173 17.579 0.046 5.07 3886.0
2454556.73440 17.560 0.019 4.55 738.0
2454556.92433 17.696 0.029 4.34 1662.0
2454557.75199 17.627 0.022 5.19 718.0
2454558.77218 17.632 0.018 4.02 718.0
2454559.72503 17.701 0.021 4.90 664.0
2454559.91398 17.650 0.020 4.13 777.0
2454560.72131 17.647 0.027 6.67 666.0
2454560.91458 17.608 0.019 3.98 757.0
2454561.71781 17.709 0.022 4.55 794.0
2454561.90340 17.661 0.017 3.43 711.0
2454564.70805 17.608 0.023 5.69 720.0
2454564.90827 17.640 0.021 4.79 708.0
2454565.70617 17.673 0.019 4.38 732.0
2454565.89678 17.642 0.017 3.57 718.0
2454566.70551 17.705 0.022 4.74 727.0
2454566.89858 17.670 0.019 3.81 731.0
2454566.90996 17.669 0.019 4.26 729.0
2454566.92548 17.733 0.026 4.08 1527.0
2454567.69771 17.684 0.026 5.57 859.0
2454567.79754 17.638 0.019 3.95 715.0
2454567.90443 17.669 0.022 4.58 796.0
2454568.70324 17.667 0.027 6.01 771.0
2454569.71291 17.636 0.024 5.58 764.0
2454569.92247 17.681 0.024 4.97 885.0
2454570.70080 17.706 0.027 5.55 849.0
2454571.69198 17.651 0.029 6.13 920.0
2454571.88997 17.701 0.019 3.83 719.0
2454572.70376 17.673 0.030 6.39 898.0
2454573.71758 17.726 0.025 4.97 955.0
2454573.92605 17.723 0.026 4.89 1073.0
2454574.72000 17.725 0.024 4.39 994.0
2454575.72542 17.719 0.026 4.63 1068.0
2454576.73311 17.741 0.026 4.50 1202.0
2454577.81455 17.701 0.025 4.71 958.0
2454578.76837 17.714 0.036 5.12 1918.0
2454579.84506 17.741 0.026 4.56 1123.0
2454583.71205 17.785 0.033 5.88 958.0
2454583.79685 17.818 0.024 4.18 861.0
2454583.83225 17.785 0.027 4.07 1317.0
2454583.86149 17.724 0.021 4.15 803.0
2454583.89280 17.800 0.023 4.44 776.0
2454583.92076 17.780 0.023 4.07 914.0
2454585.69323 17.810 0.033 6.01 799.0
2454585.71261 17.702 0.023 4.57 785.0
2454585.73255 17.837 0.030 5.31 824.0
2454585.74670 17.683 0.024 5.08 799.0
2454585.76700 17.801 0.026 4.95 774.0
2454585.77888 17.670 0.028 5.36 994.0
2454585.79887 17.819 0.031 5.21 1038.0
2454585.83989 17.768 0.022 4.20 801.0
2454585.87092 17.818 0.024 4.41 854.0
2454585.92114 17.904 0.033 5.79 866.0
2454586.72187 17.883 0.035 6.58 770.0
2454586.74045 17.844 0.034 6.39 792.0
2454586.89295 17.818 0.027 4.68 947.0
2454586.92719 17.818 0.038 6.18 1092.0
2454587.74870 17.873 0.032 5.78 780.0
2454587.90712 17.789 0.031 5.90 881.0
2454588.71388 17.781 0.027 5.61 768.0
2454589.69618 17.850 0.027 4.81 789.0
2454589.85151 17.845 0.027 4.68 779.0
2454589.91354 17.891 0.030 4.78 853.0
2454590.67355 17.894 0.029 4.93 904.0
2454590.87923 17.827 0.027 4.78 871.0
2454591.68537 17.790 0.027 5.00 949.0
2454591.85740 17.795 0.027 4.99 903.0
2454591.91953 17.851 0.029 4.65 1052.0
2454592.64384 17.831 0.027 4.17 1079.0
2454592.83303 17.831 0.031 4.42 1133.0
2454592.89642 17.850 0.029 4.25 1125.0
2454593.63314 17.931 0.035 5.36 999.0
2454593.84264 17.858 0.024 3.94 864.0
2454593.90474 17.843 0.028 4.53 992.0
2454594.65417 17.792 0.031 5.73 888.0
2454594.84889 17.833 0.026 4.86 847.0
2454594.91462 17.835 0.031 5.44 895.0
2454595.63966 17.679 0.028 5.75 899.0
2454595.83782 17.853 0.026 4.88 749.0
2454595.89991 17.874 0.028 5.15 798.0
2454596.63296 17.824 0.028 5.19 872.0
2454596.91267 17.795 0.028 5.43 811.0
2454597.66344 17.874 0.026 4.74 730.0
2454597.85476 17.765 0.023 4.63 861.0
2454597.92586 17.817 0.031 5.56 989.0
2454598.63320 17.861 0.023 4.60 701.0
2454598.87803 17.808 0.023 4.50 744.0
2454599.61203 17.848 0.034 5.58 1010.0
2454599.81607 17.851 0.022 3.87 708.0
2454600.62121 17.909 0.026 4.77 743.0
2454600.92779 17.864 0.030 4.46 1096.0
2454601.62682 17.866 0.027 4.21 995.0
2454601.84314 17.824 0.021 4.32 643.0
2454601.90509 17.880 0.026 5.04 708.0
2454602.61421 17.876 0.025 4.29 900.0
2454602.82880 17.818 0.024 4.64 846.0
2454603.74682 17.825 0.024 4.26 799.0
2454606.61456 17.780 0.034 5.61 1448.0
2454610.75376 17.890 0.025 4.14 964.0
2454610.92373 17.887 0.035 4.86 1296.0
2454611.60634 17.977 0.043 6.21 1076.0
2454611.83927 17.905 0.025 3.73 1034.0
2454612.62773 17.843 0.036 5.73 1088.0
2454615.76941 17.896 0.032 5.69 858.0
2454616.57842 17.925 0.041 6.85 943.0
2454616.79493 17.931 0.027 4.97 702.0
2454616.86469 18.011 0.034 5.40 867.0
2454617.63875 17.942 0.028 4.71 784.0
2454618.58998 17.914 0.038 6.76 887.0
2454621.67600 18.002 0.029 5.13 756.0
2454622.77172 17.914 0.031 5.41 850.0
2454622.88996 17.950 0.034 5.28 1040.0
2454623.60334 18.078 0.042 6.36 828.0
2454623.84371 17.951 0.038 5.89 971.0
2454623.91460 17.975 0.048 6.96 1142.0
2454624.55544 17.836 0.036 6.00 1072.0
2454624.78734 17.936 0.030 5.02 759.0
2454624.85394 17.988 0.030 4.56 807.0
2454624.92296 18.015 0.043 6.08 1061.0
2454625.58165 17.991 0.036 5.78 836.0
2454625.76978 17.958 0.034 5.55 889.0
2454625.86365 17.950 0.032 4.91 913.0
2454626.57743 18.078 0.042 6.36 841.0
2454626.83204 17.941 0.030 5.33 769.0
2454627.53699 18.025 0.035 5.09 1020.0
2454627.80552 17.920 0.023 4.12 662.0
2454627.89220 17.991 0.028 4.75 722.0
2454628.57030 17.952 0.030 4.82 890.0
2454628.73406 18.008 0.027 4.43 747.0
2454628.79967 18.066 0.032 4.85 771.0
2454628.86165 17.969 0.028 4.58 759.0
2454629.58353 18.000 0.030 4.58 819.0
2454629.80322 17.970 0.029 4.45 891.0
2454629.81232 17.925 0.029 4.55 902.0
2454629.85146 17.940 0.027 4.11 923.0
2454629.87476 17.942 0.025 3.76 887.0
2454629.88549 17.981 0.027 3.96 888.0
2454629.92301 17.957 0.035 5.46 956.0
2454630.52767 18.088 0.044 5.75 1067.0
2454630.53697 17.967 0.043 6.50 1079.0
2454630.57899 17.957 0.029 4.39 859.0
2454630.61384 17.954 0.025 3.81 789.0
2454630.66850 17.948 0.024 3.92 773.0
2454630.70277 18.040 0.027 3.97 801.0
2454630.73814 17.994 0.028 4.38 800.0
2454630.74702 18.049 0.029 4.37 840.0
2454630.82512 17.975 0.030 4.74 841.0
2454630.89321 17.973 0.031 4.62 955.0
2454631.54250 17.971 0.028 4.05 1106.0
2454631.75831 17.987 0.029 5.05 815.0
2454631.83608 17.996 0.031 5.00 865.0
2454631.91104 17.839 0.036 5.49 1313.0
2454632.53983 18.107 0.046 5.36 1319.0
2454632.80272 17.974 0.030 4.60 951.0
2454633.54585 18.007 0.031 3.85 1197.0
2454633.64771 18.046 0.030 4.09 967.0
2454633.76932 17.981 0.031 4.28 1067.0
2454638.73136 18.080 0.044 6.21 987.0
2454638.82906 17.999 0.036 5.21 1135.0
2454639.54405 17.983 0.039 5.07 1276.0
2454639.65024 17.999 0.030 4.08 1040.0
2454639.82960 18.044 0.049 5.91 1403.0
2454640.57015 18.031 0.028 3.92 919.0
2454640.70105 17.959 0.026 4.28 785.0
2454640.80833 17.947 0.041 6.64 900.0
2454641.59296 18.066 0.034 5.21 800.0
2454641.74857 17.986 0.032 5.22 862.0
2454642.56873 18.023 0.032 4.87 871.0
2454642.72922 17.916 0.028 5.41 728.0
2454642.80715 18.055 0.035 5.14 891.0
2454643.52188 17.986 0.037 5.42 1039.0
2454644.64134 17.979 0.034 5.46 796.0
2454644.82062 18.032 0.033 5.04 862.0
2454645.49552 18.091 0.040 4.69 1345.0
2454645.74620 18.032 0.037 5.74 823.0
2454645.82204 18.047 0.034 4.65 932.0
2454645.88680 17.947 0.043 6.12 1305.0
2454646.49738 18.050 0.033 4.24 1101.0
2454646.82948 17.962 0.032 4.56 988.0
2454647.49186 17.930 0.038 5.14 1460.0
2454647.71671 18.114 0.037 4.89 920.0
2454647.81011 18.050 0.045 6.28 1024.0
2454648.48728 18.008 0.037 4.62 1264.0
2454648.52026 18.075 0.036 4.58 998.0
2454648.60975 18.013 0.029 4.17 866.0
2454648.62503 18.018 0.029 3.91 889.0
2454648.62983 17.962 0.028 4.06 873.0
2454648.63927 17.994 0.027 3.98 825.0
2454648.64758 17.988 0.026 3.82 817.0
2454648.65596 18.084 0.027 3.83 784.0
2454648.66712 17.997 0.024 3.63 778.0
2454648.67656 18.049 0.031 4.36 782.0
2454648.68591 18.026 0.030 4.43 782.0
2454648.70080 18.016 0.034 5.15 781.0
2454648.71328 18.002 0.032 4.79 780.0
2454648.72159 18.097 0.035 5.07 779.0
2454648.73003 17.961 0.030 4.74 768.0
2454648.73593 18.012 0.030 4.53 766.0
2454648.74871 17.984 0.030 4.66 768.0
2454648.75703 18.115 0.032 4.44 754.0
2454648.76534 18.072 0.032 4.64 779.0
2454648.77381 18.055 0.034 5.06 801.0
2454648.78213 17.975 0.033 5.17 814.0
2454648.83765 18.060 0.038 5.18 956.0
2454649.50041 18.038 0.039 5.21 1089.0
2454649.54102 18.009 0.032 4.62 954.0
2454649.59725 18.063 0.029 4.62 695.0
2454649.69673 17.960 0.030 5.08 779.0
2454649.71088 18.055 0.028 4.23 752.0
2454649.82538 18.008 0.040 5.93 906.0
2454650.49973 17.981 0.036 4.66 1255.0
2454650.53190 17.997 0.041 5.60 1155.0
2454650.74936 17.978 0.029 4.65 735.0
2454650.83434 18.161 0.045 5.86 923.0
2454651.49213 17.954 0.036 4.87 1249.0
2454652.48372 18.156 0.047 5.56 1215.0
2454652.68630 18.001 0.034 5.67 839.0
2454652.76786 17.944 0.032 5.63 786.0
2454652.82145 18.050 0.043 6.29 937.0
2454653.48016 18.117 0.048 5.74 1267.0
2454653.69924 17.995 0.032 4.98 918.0
2454653.76448 18.071 0.036 5.14 926.0
2454654.51544 18.007 0.033 5.14 888.0
2454654.72005 17.988 0.032 5.37 821.0
2454654.79542 18.012 0.034 4.74 1039.0
2454655.47996 18.130 0.050 6.02 1329.0
2454655.70431 18.024 0.028 4.90 694.0
2454655.76623 18.156 0.037 5.27 820.0
2454656.48195 18.007 0.028 3.94 993.0
2454656.67174 18.047 0.035 5.45 963.0
2454656.78735 18.044 0.038 5.35 1182.0
2454657.55649 18.089 0.044 6.25 991.0
2454658.64026 17.983 0.030 4.66 835.0
2454659.57328 18.068 0.041 5.87 875.0
2454660.52971 17.944 0.040 6.00 1097.0
2454661.47005 17.922 0.039 5.28 1599.0
2454661.66759 17.953 0.044 5.35 1915.0
2454661.73218 17.903 0.038 4.97 1700.0
2454661.79929 18.034 0.051 5.15 2009.0
2454665.63727 17.861 0.037 4.59 1678.0
2454666.48153 17.900 0.040 5.58 1457.0
2454666.66615 18.090 0.038 5.08 1085.0
2454669.59162 18.088 0.045 6.37 971.0
2454670.62760 18.032 0.036 5.76 804.0
2454671.54860 17.984 0.029 4.97 729.0
2454671.75554 17.954 0.031 5.28 822.0
2454672.48330 18.088 0.028 3.75 977.0
2454672.74680 17.856 0.029 4.79 971.0
2454672.78577 18.069 0.033 4.86 918.0
2454674.48774 18.087 0.045 6.68 866.0
2454677.46831 18.013 0.039 4.56 1520.0
2454677.61473 18.132 0.038 5.84 729.0
2454677.69851 18.044 0.036 5.69 800.0
2454678.66542 17.978 0.030 5.58 703.0
2454679.56106 17.962 0.035 5.83 789.0
2454681.50976 18.057 0.037 5.61 846.0
2454681.60981 18.081 0.035 5.81 714.0
2454682.48079 18.052 0.028 3.84 897.0
2454682.55672 18.070 0.031 4.17 822.0
2454682.73337 18.011 0.030 4.60 824.0
2454683.47730 18.145 0.043 5.10 1132.0
2454683.68619 18.029 0.034 5.50 768.0
2454683.74940 18.012 0.043 6.89 759.0
2454684.48296 18.145 0.042 4.95 1062.0
2454684.74775 18.070 0.034 5.31 803.0
2454685.52515 18.045 0.033 4.24 988.0
2454686.48039 17.994 0.035 4.96 994.0
2454687.50638 18.057 0.038 5.79 891.0
2454687.71976 18.073 0.042 5.83 1043.0
2454688.47699 18.025 0.044 5.82 1167.0
2454688.66701 18.037 0.030 4.44 812.0
2454688.72868 17.980 0.039 5.96 908.0
2454693.52145 18.099 0.036 4.05 1409.0
2454694.51990 18.095 0.052 6.66 1057.0
2454697.47690 17.970 0.039 6.18 913.0
2454697.70211 18.156 0.058 7.70 1007.0
2454698.48113 18.042 0.030 4.68 774.0
2454699.48005 18.057 0.036 5.31 879.0
2454700.48835 18.070 0.035 5.03 881.0
2454701.48367 18.051 0.036 5.03 937.0
2454701.67248 18.153 0.045 7.36 690.0
2454702.48205 18.104 0.038 5.36 896.0
2454703.59000 17.957 0.033 6.00 792.0
2454704.56814 18.105 0.036 5.09 918.0
2454705.48593 18.086 0.035 4.87 907.0
2454705.66395 18.018 0.042 6.76 780.0
2454707.58686 18.122 0.037 5.83 777.0
2454708.51865 18.036 0.034 5.46 851.0
2454709.49466 18.130 0.041 5.44 926.0
2454710.52217 18.092 0.039 5.69 882.0
2454711.50424 18.007 0.036 5.30 882.0
2454715.55841 18.233 0.049 6.30 859.0
2454715.60386 18.006 0.044 6.73 933.0
2454716.48207 18.057 0.037 3.90 1637.0
2454716.49208 18.149 0.042 4.09 1695.0
2454716.55512 17.934 0.037 4.40 1849.0
2454716.57773 18.001 0.044 4.83 1954.0
2454716.65701 18.014 0.060 5.73 2332.0
2454720.50772 18.146 0.051 6.25 1176.0
2454720.60253 18.120 0.041 4.85 1142.0
2454721.50861 18.059 0.050 6.34 1175.0
2454722.62085 18.179 0.046 5.12 1258.0
2454724.48766 18.002 0.042 5.74 1085.0
2454725.56155 18.206 0.045 4.61 1186.0
2454726.52613 18.197 0.055 6.48 988.0
2454728.57061 18.135 0.044 5.53 860.0
2454729.51113 18.238 0.047 6.20 819.0
2454730.59698 18.061 0.034 4.71 846.0
2454731.53406 18.007 0.038 5.80 826.0
2454733.48565 18.114 0.040 5.01 969.0
2454734.53208 18.146 0.044 5.52 914.0
2454737.52029 18.165 0.048 6.70 806.0
2454738.56022 17.997 0.042 6.66 812.0
2454739.56406 18.061 0.047 6.54 933.0
2454740.53236 18.167 0.049 6.56 852.0
2454741.50512 18.067 0.038 5.61 852.0
2454743.51359 18.128 0.042 5.22 868.0
2454750.58025 17.991 0.046 5.90 1296.0
2454756.49608 18.056 0.049 6.33 1088.0
2454765.49778 18.037 0.039 5.53 1138.0
2454867.87339 18.046 0.036 4.46 1197.0
2454870.88202 18.131 0.033 3.76 1185.0
2454872.88477 17.964 0.047 5.98 1497.0
2454876.84616 17.871 0.029 5.09 989.0
2454884.82923 18.123 0.045 6.03 1050.0
