2452116.77700 15.576 0.006 5.90 640.0
2452128.66294 15.570 0.005 3.96 760.0
2452131.63897 15.575 0.005 4.36 743.0
2452135.54878 15.587 0.005 4.04 669.0
2452138.69663 15.571 0.006 6.27 509.0
2452143.61768 15.578 0.005 4.51 627.0
2452162.60978 15.567 0.005 5.16 583.0
2452170.51603 15.575 0.005 4.49 656.0
2452173.58999 15.570 0.006 5.02 769.0
2452183.53291 15.575 0.006 6.26 946.0
2452184.58882 15.581 0.006 5.97 932.0
2452195.57081 15.581 0.006 5.03 1140.0
2452200.54505 15.571 0.006 4.83 1326.0
2452326.87646 15.573 0.006 5.72 765.0
2452346.81954 15.580 0.005 4.51 709.0
2452360.82984 15.570 0.005 3.60 822.0
2452371.78653 15.579 0.005 4.11 690.0
2452380.79103 15.587 0.006 6.22 542.0
2452384.76303 15.582 0.005 4.13 665.0
2452388.76663 15.579 0.005 5.01 724.0
2452390.73650 15.591 0.006 5.37 977.0
2452397.89483 15.582 0.005 4.08 872.0
2452401.69721 15.590 0.005 4.27 648.0
2452403.75846 15.589 0.005 3.55 597.0
2452410.79348 15.587 0.003 4.27 639.0
2452415.69578 15.591 0.006 5.03 763.0
2452417.77301 15.583 0.005 4.56 783.0
2452425.86003 15.579 0.006 5.68 856.0
2452431.70717 15.573 0.005 5.23 664.0
2452433.68208 15.582 0.005 4.72 634.0
2452434.82794 15.583 0.005 3.94 723.0
2452436.61723 15.580 0.005 4.12 778.0
2452438.63287 15.581 0.005 4.55 597.0
2452440.61424 15.584 0.005 4.28 620.0
2452443.64911 15.577 0.005 5.24 626.0
2452445.54422 15.566 0.006 4.91 915.0
2452452.61603 15.572 0.005 4.52 859.0
2452458.75200 15.575 0.005 5.10 521.0
2452462.66849 15.583 0.005 4.02 499.0
2452464.53586 15.572 0.006 5.21 795.0
2452467.46181 15.585 0.007 5.82 1920.0
2452469.47238 15.584 0.005 4.48 934.0
2452471.76286 15.583 0.005 4.21 650.0
2452473.46102 15.576 0.006 5.33 1568.0
2452483.51577 15.587 0.005 3.79 633.0
2452485.71051 15.586 0.006 6.81 619.0
2452490.49245 15.579 0.005 4.57 682.0
2452492.72894 15.560 0.007 6.63 859.0
2452495.51993 15.573 0.006 5.11 718.0
2452497.58098 15.603 0.005 3.85 540.0
2452499.61825 15.587 0.005 4.35 609.0
2452501.64515 15.599 0.005 4.03 633.0
2452503.59198 15.560 0.010 4.79 5704.0
2452511.62418 15.588 0.006 5.57 853.0
2452518.57497 15.583 0.005 4.53 623.0
2452521.57089 15.584 0.005 4.56 687.0
2452535.49993 15.569 0.006 5.67 851.0
2452539.59638 15.593 0.006 4.90 958.0
2452540.57449 15.580 0.006 5.75 1013.0
2452545.52638 15.576 0.005 4.09 807.0
2452550.56303 15.570 0.007 7.64 785.0
2452555.52547 15.570 0.006 5.27 858.0
2452561.54979 15.588 0.006 4.80 1417.0
2452701.88541 15.582 0.005 4.91 579.0
2452712.88261 15.581 0.005 4.74 582.0
2452727.84517 15.584 0.005 3.73 637.0
2452732.85910 15.579 0.006 5.38 592.0
2452743.85077 15.587 0.005 3.54 614.0
2452748.88249 15.583 0.007 6.01 1385.0
2452755.87323 15.578 0.005 5.17 682.0
2452759.86459 15.579 0.005 4.86 790.0
2452765.89102 15.581 0.005 4.75 785.0
2452769.93257 15.583 0.004 4.33 842.0
2452784.79775 15.577 0.005 4.08 566.0
2452786.68835 15.581 0.006 5.08 835.0
2452788.84028 15.578 0.004 4.30 790.0
2452790.88687 15.583 0.005 4.19 737.0
2452792.53916 15.580 0.007 6.96 820.0
2452794.68055 15.570 0.006 5.90 582.0
2452796.61795 15.581 0.005 3.29 601.0
2452802.67512 15.580 0.006 4.86 815.0
2452808.72260 15.578 0.006 4.73 826.0
2452810.64133 15.570 0.005 4.20 669.0
2452812.61827 15.573 0.005 4.18 791.0
2452815.64681 15.582 0.005 4.96 571.0
2452816.78195 15.586 0.006 5.38 625.0
2452817.79130 15.584 0.007 6.34 795.0
2452819.56609 15.593 0.005 3.82 866.0
2452821.55506 15.571 0.005 4.31 735.0
2452830.59072 15.573 0.007 5.29 2683.0
2452835.52265 15.573 0.006 4.55 1600.0
2452836.75073 15.589 0.006 4.22 1262.0
2452838.64704 15.576 0.006 5.36 684.0
2452840.57174 15.574 0.005 4.11 529.0
2452842.62203 15.570 0.004 4.87 656.0
2452844.68250 15.587 0.005 4.08 621.0
2452849.50739 15.576 0.006 5.43 851.0
2452853.62264 15.584 0.005 4.35 595.0
2452856.50045 15.582 0.006 4.91 724.0
2452858.47210 15.570 0.006 4.42 1562.0
2452859.53723 15.569 0.007 4.18 2251.0
2452860.59087 15.586 0.006 4.63 1578.0
2452863.67789 15.580 0.006 4.23 1212.0
2452867.58418 15.581 0.005 5.02 608.0
2452870.66241 15.576 0.005 3.93 685.0
2452874.65093 15.587 0.006 5.65 666.0
2452878.54303 15.590 0.005 3.57 607.0
2452884.61447 15.596 0.006 4.46 779.0
2452893.64224 15.595 0.005 3.42 931.0
2452896.50503 15.578 0.006 4.51 760.0
2452901.52059 15.577 0.005 5.36 794.0
2452906.64514 15.586 0.006 5.51 819.0
2452910.64012 15.574 0.007 6.77 950.0
2452912.62451 15.581 0.006 5.01 1000.0
2452924.54778 15.568 0.005 3.66 1076.0
2452934.56464 15.574 0.006 4.89 1040.0
2452942.52539 15.588 0.006 4.23 1290.0
2453048.86478 15.584 0.005 4.15 940.0
2453056.89746 15.577 0.006 5.16 1359.0
2453060.89891 15.584 0.005 4.36 970.0
2453066.89227 15.595 0.005 4.42 581.0
2453069.84490 15.579 0.005 5.37 692.0
2453071.85250 15.598 0.005 4.02 821.0
2453074.84012 15.595 0.005 3.78 701.0
2453076.87738 15.576 0.005 4.44 844.0
2453078.88694 15.585 0.006 3.70 2138.0
2453081.78737 15.578 0.005 3.87 665.0
2453083.90634 15.587 0.005 3.70 609.0
2453086.73320 15.588 0.005 4.12 621.0
2453088.73687 15.588 0.005 4.10 574.0
2453090.83635 15.583 0.005 4.32 465.0
2453092.81157 15.573 0.006 7.27 471.0
2453097.77434 15.583 0.006 5.65 757.0
2453099.76862 15.583 0.007 7.44 719.0
2453101.71076 15.587 0.006 6.06 1148.0
2453103.71482 15.575 0.006 5.11 1122.0
2453106.74065 15.553 0.006 3.76 2716.0
2453107.85392 15.580 0.005 3.85 1126.0
2453109.69058 15.579 0.005 4.50 687.0
2453110.70124 15.589 0.005 5.41 913.0
2453112.70172 15.579 0.005 5.05 580.0
2453113.74490 15.592 0.004 3.92 448.0
2453114.91916 15.574 0.005 4.06 674.0
2453115.74204 15.590 0.005 4.11 598.0
2453124.92969 15.586 0.006 6.45 935.0
2453126.66871 15.590 0.005 4.56 664.0
2453128.68917 15.591 0.005 3.61 832.0
2453129.66857 15.572 0.005 4.04 957.0
2453130.83103 15.592 0.006 4.93 1192.0
2453134.63782 15.604 0.006 4.32 1292.0
2453135.70410 15.591 0.005 4.94 642.0
2453137.81209 15.589 0.004 5.56 955.0
2453138.91599 15.584 0.005 5.18 709.0
2453139.69994 15.591 0.004 4.36 471.0
2453140.66744 15.591 0.005 3.94 595.0
2453141.83111 15.591 0.004 5.24 472.0
2453144.66336 15.584 0.005 4.94 495.0
2453145.73116 15.575 0.005 5.62 462.0
2453151.62013 15.571 0.006 6.53 625.0
2453152.62905 15.585 0.005 4.54 550.0
2453153.63045 15.593 0.005 5.10 638.0
2453153.92100 15.592 0.006 5.24 868.0
2453154.70666 15.589 0.005 5.33 585.0
2453156.61479 15.569 0.006 5.40 871.0
2453158.65524 15.590 0.006 4.91 1451.0
2453162.67238 15.588 0.005 4.11 705.0
2453163.59063 15.574 0.005 4.17 509.0
2453163.91201 15.594 0.005 4.18 1153.0
2453164.58406 15.589 0.005 4.05 508.0
2453165.58380 15.588 0.005 5.05 557.0
2453166.79461 15.580 0.006 6.52 699.0
2453167.80928 15.589 0.005 5.62 606.0
2453168.62489 15.576 0.005 5.07 461.0
2453169.59517 15.607 0.005 3.58 621.0
2453170.69007 15.575 0.004 4.37 484.0
2453172.59775 15.580 0.004 3.99 490.0
2453174.58374 15.584 0.004 3.48 649.0
2453174.90287 15.582 0.005 3.88 924.0
2453179.67120 15.583 0.005 5.15 475.0
2453180.54577 15.597 0.005 4.45 657.0
2453183.55290 15.587 0.005 4.16 641.0
2453184.83348 15.578 0.005 4.43 707.0
2453185.64670 15.579 0.005 3.93 684.0
2453191.86234 15.588 0.005 5.17 964.0
2453193.73397 15.585 0.005 6.08 502.0
2453194.71271 15.589 0.005 4.66 568.0
2453195.51827 15.581 0.005 4.40 578.0
2453196.51663 15.592 0.006 6.60 774.0
2453197.75237 15.583 0.005 4.51 582.0
2453202.61213 15.577 0.006 6.16 576.0
2453203.55617 15.581 0.004 3.65 501.0
2453205.55275 15.582 0.004 4.28 428.0
2453206.53475 15.581 0.004 4.17 456.0
2453207.53772 15.576 0.005 6.43 513.0
2453210.76534 15.573 0.005 5.02 670.0
2453211.52418 15.574 0.005 5.09 527.0
2453212.51913 15.581 0.006 6.24 680.0
2453217.52961 15.567 0.005 3.36 1111.0
2453218.52697 15.581 0.005 5.04 963.0
2453223.51835 15.566 0.006 6.37 623.0
2453224.53381 15.580 0.005 4.01 661.0
2453226.48873 15.573 0.005 5.05 548.0
2453229.49730 15.578 0.004 4.14 599.0
2453230.53731 15.594 0.004 3.61 523.0
2453239.64588 15.571 0.005 4.81 584.0
2453241.53331 15.585 0.005 5.18 685.0
2453244.63181 15.571 0.006 4.91 1882.0
2453246.53395 15.576 0.005 5.30 678.0
2453248.54162 15.584 0.005 4.55 615.0
2453250.52649 15.581 0.005 4.89 605.0
2453251.67023 15.579 0.005 5.64 585.0
2453254.52880 15.583 0.005 5.98 524.0
2453257.66628 15.585 0.004 4.31 580.0
2453262.50063 15.583 0.006 5.76 793.0
2453262.50988 15.586 0.006 6.60 789.0
2453262.58721 15.572 0.004 4.35 687.0
2453263.62892 15.564 0.005 5.03 580.0
2453264.50589 15.583 0.005 4.75 700.0
2453266.49131 15.567 0.006 5.79 679.0
2453268.52670 15.567 0.005 4.36 702.0
2453270.55802 15.572 0.007 5.27 2014.0
2453273.58002 15.570 0.006 5.65 937.0
2453277.56680 15.575 0.005 4.52 954.0
2453279.56138 15.573 0.005 5.85 687.0
2453285.48437 15.577 0.006 5.84 1837.0
2453287.48561 15.570 0.006 6.27 821.0
2453291.54411 15.596 0.005 6.95 459.0
2453431.88373 15.581 0.004 4.01 575.0
2453438.88190 15.573 0.004 5.77 528.0
2453444.81855 15.575 0.004 3.61 501.0
2453446.84351 15.575 0.005 5.09 483.0
2453448.87314 15.590 0.004 4.19 480.0
2453450.91220 15.578 0.004 4.50 470.0
2453454.81906 15.579 0.005 6.10 885.0
2453456.82668 15.587 0.004 3.36 743.0
2453467.79008 15.582 0.005 6.41 433.0
2453469.90052 15.595 0.004 3.43 508.0
2453471.77723 15.568 0.006 7.15 531.0
2453473.93121 15.575 0.006 4.99 1397.0
2453477.89043 15.578 0.004 4.22 471.0
2453480.68925 15.581 0.004 4.70 484.0
2453483.68411 15.577 0.004 4.36 828.0
2453496.88802 15.582 0.005 5.70 722.0
2453497.65132 15.572 0.005 5.94 680.0
2453499.69366 15.568 0.004 4.26 455.0
2453500.88024 15.583 0.004 4.16 592.0
2453501.68520 15.566 0.005 5.71 616.0
2453502.84215 15.586 0.004 3.90 602.0
2453503.84379 15.584 0.004 4.58 505.0
2453504.67960 15.573 0.004 4.67 451.0
2453508.69371 15.582 0.005 5.98 599.0
2453509.83168 15.579 0.004 4.19 504.0
2453511.71681 15.581 0.004 4.46 599.0
2453512.66794 15.565 0.005 5.19 737.0
2453520.56815 15.596 0.005 5.81 836.0
2453521.81892 15.582 0.004 4.16 669.0
2453522.81445 15.582 0.005 4.71 574.0
2453523.63746 15.591 0.004 5.02 431.0
2453524.62161 15.570 0.003 4.46 430.0
2453525.85300 15.583 0.004 4.30 531.0
2453526.88611 15.584 0.004 4.24 594.0
2453527.79925 15.590 0.005 5.09 512.0
2453528.62962 15.583 0.004 3.95 442.0
2453529.58686 15.589 0.004 4.33 501.0
2453530.72141 15.575 0.004 3.41 454.0
2453538.78967 15.567 0.004 4.31 523.0
2453544.68977 15.576 0.006 4.32 2188.0
2453547.72862 15.585 0.005 5.94 504.0
2453550.70435 15.570 0.003 3.81 466.0
2453551.81687 15.569 0.004 5.13 517.0
2453553.61961 15.578 0.005 5.51 491.0
2453554.57507 15.580 0.006 6.46 643.0
2453556.58362 15.577 0.005 5.08 502.0
2453558.55349 15.574 0.004 4.40 589.0
2453559.77008 15.595 0.004 4.37 457.0
2453560.74209 15.579 0.004 4.24 441.0
2453561.70269 15.581 0.004 3.96 469.0
2453563.51575 15.577 0.005 5.36 511.0
2453564.71950 15.575 0.005 6.49 377.0
2453569.80314 15.579 0.005 4.82 1028.0
2453573.50243 15.569 0.006 7.11 856.0
2453574.56492 15.574 0.004 4.24 560.0
2453574.72630 15.577 0.004 4.32 688.0
2453575.55339 15.580 0.004 3.31 521.0
2453576.51164 15.570 0.004 4.81 520.0
2453577.56402 15.574 0.004 4.53 436.0
2453578.53738 15.574 0.004 3.77 358.0
2453579.49574 15.575 0.004 4.27 446.0
2453580.51142 15.573 0.004 4.35 513.0
2453581.54114 15.575 0.004 4.16 544.0
2453582.49993 15.571 0.004 4.32 545.0
2453583.53962 15.576 0.004 4.42 509.0
2453584.52576 15.577 0.004 4.55 426.0
2453585.51635 15.566 0.004 4.17 514.0
2453586.57467 15.578 0.004 3.63 444.0
2453587.63075 15.577 0.005 5.73 473.0
2453588.56729 15.573 0.003 4.66 468.0
2453589.52603 15.581 0.004 3.63 473.0
2453590.50608 15.567 0.004 4.28 477.0
2453591.55098 15.581 0.004 3.24 482.0
2453592.51737 15.573 0.004 3.91 560.0
2453593.61289 15.565 0.004 4.61 467.0
2453594.54825 15.569 0.004 4.88 447.0
2453600.54509 15.563 0.006 4.62 2233.0
2453601.47743 15.563 0.004 3.63 919.0
2453602.50246 15.559 0.005 5.31 768.0
2453603.49645 15.575 0.005 5.62 526.0
2453607.51261 15.568 0.004 4.16 556.0
2453608.50418 15.558 0.005 6.45 523.0
2453617.55769 15.573 0.004 5.36 525.0
2453620.66137 15.578 0.004 4.37 463.0
2453629.64571 15.578 0.005 5.67 1016.0
2453632.53197 15.572 0.005 4.80 768.0
2453634.59524 15.570 0.004 4.59 577.0
2453640.57568 15.573 0.004 4.74 491.0
2453646.50323 15.582 0.005 6.20 630.0
2453651.49486 15.585 0.005 4.90 899.0
2453653.52272 15.567 0.005 4.10 1496.0
2453773.87919 15.588 0.005 5.46 744.0
2453779.88442 15.566 0.005 5.14 905.0
2453786.83554 15.573 0.005 4.66 831.0
2453790.83076 15.587 0.005 3.92 986.0
2453793.82076 15.571 0.004 4.21 783.0
2453795.81044 15.575 0.005 4.99 691.0
2453797.80570 15.579 0.004 3.65 764.0
2453798.85386 15.580 0.004 4.20 532.0
2453800.90101 15.584 0.005 4.40 622.0
2453802.89475 15.592 0.004 4.74 544.0
2453804.80927 15.572 0.005 5.04 483.0
2453805.84668 15.581 0.005 4.34 570.0
2453806.84325 15.567 0.004 4.33 614.0
2453808.81638 15.560 0.004 3.75 760.0
2453809.82004 15.553 0.004 3.40 787.0
2453810.86807 15.573 0.004 3.89 787.0
2453811.89530 15.580 0.004 4.35 556.0
2453813.88100 15.572 0.004 3.86 681.0
2453814.87851 15.584 0.004 4.14 681.0
2453818.78832 15.564 0.004 3.68 597.0
2453819.85206 15.584 0.004 3.75 475.0
2453820.81576 15.570 0.004 3.59 441.0
2453821.82004 15.577 0.004 3.90 476.0
2453822.86647 15.575 0.004 3.77 519.0
2453823.83020 15.569 0.004 3.53 446.0
2453824.83191 15.582 0.005 5.60 564.0
2453825.85369 15.563 0.004 4.65 542.0
2453826.83165 15.584 0.004 4.78 506.0
2453827.85453 15.572 0.004 4.29 425.0
2453828.83008 15.575 0.005 5.12 464.0
2453829.80825 15.572 0.004 3.74 464.0
2453830.78917 15.560 0.004 4.04 582.0
2453830.79791 15.585 0.004 3.97 582.0
2453832.82845 15.572 0.004 4.03 476.0
2453833.69883 15.577 0.004 4.98 599.0
2453834.84081 15.572 0.004 3.71 487.0
2453835.79122 15.581 0.004 3.87 510.0
2453836.78930 15.574 0.004 3.95 673.0
2453837.78619 15.568 0.004 3.79 621.0
2453838.79036 15.566 0.005 5.17 677.0
2453839.78631 15.569 0.004 3.84 748.0
2453840.79341 15.562 0.005 4.34 748.0
2453841.77150 15.552 0.004 3.67 793.0
2453845.76930 15.566 0.005 5.40 574.0
2453846.77693 15.566 0.004 4.08 513.0
2453847.85257 15.572 0.004 4.16 587.0
2453848.80055 15.570 0.004 4.34 519.0
2453849.80296 15.581 0.004 4.37 530.0
2453850.74663 15.580 0.004 4.32 531.0
2453851.75653 15.590 0.004 4.48 458.0
2453852.74503 15.570 0.005 5.75 532.0
2453853.73779 15.587 0.004 3.05 412.0
2453856.72668 15.572 0.004 3.71 605.0
2453858.78685 15.565 0.004 5.11 431.0
2453859.68404 15.563 0.005 5.82 465.0
2453860.87697 15.573 0.005 5.37 687.0
2453861.71883 15.580 0.004 4.49 542.0
2453862.73225 15.576 0.004 3.58 602.0
2453863.74389 15.575 0.004 3.81 530.0
2453864.73704 15.571 0.004 3.67 528.0
2453865.62242 15.581 0.004 4.44 779.0
2453866.62265 15.577 0.004 4.59 830.0
2453867.77533 15.575 0.005 4.11 753.0
2453867.80405 15.568 0.004 3.84 773.0
2453868.62189 15.577 0.005 4.77 1172.0
2453869.78731 15.580 0.005 4.12 1102.0
2453873.60860 15.576 0.005 5.27 585.0
2453874.83101 15.586 0.004 4.49 554.0
2453875.60323 15.568 0.004 4.72 487.0
2453876.71104 15.576 0.004 4.25 465.0
2453877.59781 15.586 0.004 5.14 473.0
2453880.70113 15.574 0.004 4.43 481.0
2453881.70933 15.561 0.004 3.62 555.0
2453882.64433 15.580 0.004 3.85 472.0
2453883.69693 15.579 0.004 3.83 464.0
2453886.65570 15.567 0.004 4.79 468.0
2453887.65128 15.570 0.004 3.99 470.0
2453889.80594 15.561 0.004 4.76 545.0
2453890.59658 15.579 0.004 4.48 625.0
2453891.72933 15.570 0.004 4.67 512.0
2453892.78218 15.579 0.004 4.34 521.0
2453893.68030 15.579 0.005 4.87 486.0
2453894.72780 15.575 0.005 5.01 490.0
2453896.67008 15.575 0.005 4.95 829.0
2453900.58053 15.574 0.005 4.37 747.0
2453901.60074 15.564 0.005 4.65 597.0
2453902.61534 15.577 0.004 4.10 571.0
2453903.71113 15.561 0.004 4.26 582.0
2453904.59834 15.578 0.004 3.98 486.0
2453905.59861 15.566 0.004 3.40 485.0
2453906.58669 15.564 0.005 4.96 572.0
2453907.64351 15.575 0.005 6.56 496.0
2453908.57664 15.585 0.004 3.17 762.0
2453909.58271 15.583 0.004 3.68 449.0
2453910.63791 15.578 0.004 4.45 482.0
2453912.58412 15.583 0.004 3.20 540.0
2453913.58165 15.574 0.004 4.43 461.0
2453914.59958 15.574 0.004 4.16 535.0
2453915.57949 15.577 0.004 3.67 487.0
2453916.63070 15.585 0.004 4.94 543.0
2453917.67115 15.582 0.004 4.37 539.0
2453918.66978 15.572 0.004 3.82 488.0
2453919.61097 15.582 0.004 4.54 477.0
2453920.56294 15.577 0.004 4.16 503.0
2453920.84051 15.588 0.004 3.94 673.0
2453921.57503 15.566 0.005 5.46 707.0
2453930.61589 15.582 0.004 3.90 719.0
2453931.56105 15.564 0.005 5.03 629.0
2453931.69865 15.577 0.004 5.18 497.0
2453932.65153 15.572 0.004 4.48 557.0
2453933.56519 15.577 0.004 3.47 558.0
2453934.53588 15.582 0.004 4.16 600.0
2453935.61405 15.588 0.004 3.69 442.0
2453936.53638 15.581 0.004 4.49 535.0
2453937.61198 15.580 0.004 4.18 497.0
2453938.54502 15.552 0.005 5.46 565.0
2453940.68106 15.573 0.004 4.20 398.0
2453944.61606 15.588 0.003 4.65 462.0
2453945.56643 15.571 0.004 4.12 533.0
2453946.56363 15.565 0.004 4.77 540.0
2453950.56713 15.581 0.004 4.46 462.0
2453951.57584 15.575 0.005 5.22 603.0
2453956.61296 15.558 0.005 4.72 807.0
2453957.55058 15.588 0.005 5.31 619.0
2453958.62304 15.573 0.005 4.47 768.0
2453959.56325 15.561 0.004 4.98 565.0
2453960.54095 15.569 0.004 4.07 455.0
2453961.61614 15.581 0.005 6.09 632.0
2453963.58609 15.573 0.004 4.30 456.0
2453964.57584 15.577 0.004 4.03 445.0
2453965.56941 15.571 0.004 3.84 426.0
2453966.55730 15.573 0.004 3.60 507.0
2453967.58975 15.582 0.005 4.97 501.0
2453968.54387 15.569 0.005 5.51 566.0
2453969.55125 15.567 0.004 4.03 458.0
2453970.55613 15.568 0.005 5.18 434.0
2453971.59617 15.573 0.005 5.23 469.0
2453973.62590 15.566 0.004 4.92 422.0
2453974.55827 15.567 0.005 6.66 492.0
2453975.55325 15.569 0.004 4.52 493.0
2453976.55078 15.575 0.004 4.27 472.0
2453979.56543 15.568 0.005 5.21 568.0
2453982.48440 15.588 0.007 5.63 1555.0
2453986.62736 15.579 0.005 4.82 733.0
2453987.54735 15.579 0.004 3.88 658.0
2453988.56027 15.569 0.004 3.77 509.0
2453989.63005 15.580 0.005 5.47 677.0
2453991.52306 15.580 0.005 6.64 519.0
2453994.59164 15.577 0.005 4.98 544.0
2453995.61932 15.588 0.004 4.09 466.0
2453999.52581 15.570 0.005 4.79 502.0
2454001.54919 15.566 0.004 3.90 641.0
2454002.54589 15.583 0.004 3.74 468.0
2454004.56878 15.572 0.005 5.81 601.0
2454005.58425 15.571 0.004 4.46 590.0
2454006.56993 15.578 0.004 4.04 543.0
2454011.48694 15.563 0.005 5.32 671.0
2454012.57382 15.576 0.006 6.17 749.0
2454015.51357 15.557 0.005 5.68 792.0
2454017.48818 15.578 0.004 4.53 725.0
2454019.49245 15.568 0.005 5.49 617.0
2454021.48883 15.560 0.006 5.56 916.0
2454024.52798 15.581 0.004 4.34 625.0
2454026.52352 15.560 0.004 5.14 578.0
2454028.53962 15.571 0.005 4.63 658.0
2454031.53955 15.565 0.006 6.11 700.0
2454145.87907 15.574 0.007 6.61 1086.0
2454151.83858 15.571 0.005 5.19 629.0
2454154.84819 15.576 0.005 4.03 667.0
2454157.81848 15.568 0.005 5.34 776.0
2454159.83484 15.569 0.005 4.49 769.0
2454161.88846 15.584 0.006 5.31 802.0
2454163.90439 15.572 0.005 3.47 1241.0
2454166.83685 15.570 0.007 6.04 1211.0
2454168.87175 15.565 0.006 3.98 923.0
2454170.88883 15.563 0.005 4.10 1022.0
2454175.89703 15.572 0.005 4.93 605.0
2454177.79870 15.567 0.005 4.86 574.0
2454178.85198 15.582 0.005 4.48 601.0
2454179.89174 15.575 0.005 4.14 642.0
2454181.82852 15.570 0.005 3.94 563.0
2454182.87689 15.582 0.005 3.88 558.0
2454184.76821 15.570 0.005 3.76 557.0
2454185.88682 15.578 0.006 5.52 567.0
2454190.76976 15.583 0.006 4.94 738.0
2454191.87312 15.580 0.006 6.06 725.0
2454192.79175 15.565 0.006 4.95 806.0
2454193.81015 15.585 0.005 4.51 830.0
2454194.83169 15.579 0.005 3.81 687.0
2454196.82019 15.566 0.005 4.26 740.0
2454202.80168 15.572 0.005 4.07 638.0
2454203.78978 15.585 0.005 4.01 601.0
2454204.78188 15.573 0.005 4.27 574.0
2454205.78023 15.571 0.005 3.95 495.0
2454207.77665 15.575 0.005 4.37 579.0
2454208.77361 15.580 0.005 4.18 574.0
2454211.83673 15.568 0.004 4.98 509.0
2454213.78085 15.564 0.005 3.99 584.0
2454215.78733 15.558 0.005 5.24 580.0
2454216.74508 15.565 0.005 4.08 574.0
2454217.75267 15.576 0.005 3.39 571.0
2454218.80464 15.580 0.006 5.92 624.0
2454219.82749 15.578 0.006 5.43 626.0
2454220.76275 15.581 0.005 4.26 658.0
2454222.73139 15.576 0.005 3.98 931.0
2454224.83376 15.581 0.006 4.33 1214.0
2454228.73216 15.570 0.006 3.99 1633.0
2454229.71647 15.577 0.006 5.31 632.0
2454230.70631 15.578 0.005 4.35 579.0
2454231.68858 15.582 0.004 3.98 619.0
2454232.70080 15.572 0.005 5.24 761.0
2454233.88192 15.576 0.005 5.50 901.0
2454234.86491 15.591 0.005 4.88 664.0
2454235.66237 15.576 0.005 3.96 707.0
2454235.93662 15.587 0.006 4.57 1042.0
2454238.73195 15.578 0.005 4.50 628.0
2454239.68256 15.579 0.005 4.36 557.0
2454240.72893 15.583 0.005 3.79 640.0
2454242.66187 15.563 0.006 6.68 696.0
2454244.65991 15.583 0.005 4.68 686.0
2454245.65324 15.589 0.005 4.71 550.0
2454246.71203 15.566 0.005 5.09 622.0
2454247.73584 15.578 0.005 4.19 647.0
2454250.77592 15.572 0.006 4.99 980.0
2454256.56882 15.560 0.006 5.51 1081.0
2454258.57589 15.548 0.006 6.62 657.0
2454267.54540 15.568 0.006 5.30 721.0
2454268.78157 15.570 0.005 4.78 636.0
2454269.52844 15.569 0.007 6.41 952.0
2454272.55184 15.574 0.004 3.86 952.0
2454273.75041 15.571 0.005 4.49 751.0
2454274.60985 15.566 0.005 4.70 848.0
2454275.64268 15.582 0.006 5.20 722.0
2454276.73505 15.571 0.006 5.96 761.0
2454277.65845 15.575 0.005 3.95 689.0
2454278.61587 15.577 0.006 5.27 747.0
2454283.55347 15.583 0.005 4.02 1037.0
2454284.54528 15.576 0.006 4.16 911.0
2454285.54871 15.563 0.006 4.25 796.0
2454286.54823 15.576 0.006 5.80 969.0
2454289.56204 15.576 0.006 5.55 681.0
2454290.60553 15.577 0.006 6.08 526.0
2454291.66589 15.591 0.005 4.36 515.0
2454292.53063 15.587 0.005 3.30 652.0
2454293.53687 15.579 0.005 4.19 550.0
2454294.52993 15.567 0.005 4.49 704.0
2454295.54420 15.578 0.005 4.58 542.0
2454295.79778 15.575 0.005 5.10 524.0
2454296.53437 15.576 0.005 4.59 555.0
2454297.65797 15.593 0.005 4.61 476.0
2454298.49714 15.572 0.006 5.31 670.0
2454299.47843 15.575 0.005 4.49 713.0
2454300.57563 15.577 0.005 4.44 526.0
2454301.75686 15.579 0.005 4.46 578.0
2454302.71313 15.581 0.005 4.95 513.0
2454303.72140 15.572 0.006 5.25 509.0
2454304.49239 15.561 0.007 5.91 1265.0
2454307.69269 15.570 0.005 4.55 1051.0
2454310.65953 15.583 0.007 5.43 1225.0
2454312.56821 15.574 0.006 4.32 1068.0
2454315.57561 15.568 0.005 4.51 679.0
2454316.65838 15.570 0.005 5.22 588.0
2454317.58220 15.566 0.006 5.35 546.0
2454319.55903 15.578 0.005 4.88 639.0
2454320.64579 15.572 0.005 4.80 528.0
2454326.57700 15.573 0.005 4.83 574.0
2454327.53464 15.569 0.006 6.12 607.0
2454328.54038 15.579 0.005 4.08 619.0
2454329.47781 15.579 0.006 5.23 758.0
2454330.54640 15.578 0.005 4.49 542.0
2454331.54213 15.575 0.005 4.99 553.0
2454332.55612 15.574 0.005 4.44 607.0
2454333.47714 15.582 0.006 5.03 1027.0
2454338.54383 15.573 0.006 5.36 985.0
2454339.53997 15.570 0.005 4.12 934.0
2454340.47850 15.569 0.006 5.66 1155.0
2454341.54440 15.580 0.006 5.24 832.0
2454342.58047 15.570 0.005 4.36 738.0
2454343.56003 15.579 0.005 3.99 734.0
2454344.59010 15.578 0.005 4.13 728.0
2454345.55622 15.581 0.005 3.87 719.0
2454346.56179 15.575 0.006 5.91 755.0
2454347.57572 15.572 0.006 5.40 616.0
2454349.54444 15.573 0.005 4.50 522.0
2454350.60222 15.580 0.005 4.81 627.0
2454351.54973 15.568 0.005 4.34 605.0
2454353.56624 15.574 0.005 4.73 818.0
2454354.58559 15.565 0.006 5.45 642.0
2454355.60198 15.567 0.006 5.68 725.0
2454356.55053 15.570 0.006 5.23 638.0
2454358.56974 15.562 0.006 5.71 659.0
2454361.59586 15.571 0.006 6.26 933.0
2454367.56005 15.565 0.006 5.18 984.0
2454371.55921 15.577 0.005 4.30 939.0
2454377.52469 15.575 0.005 4.97 758.0
2454380.60415 15.577 0.005 5.00 866.0
2454383.59934 15.573 0.007 6.36 1034.0
2454393.57199 15.578 0.005 4.84 910.0
2454505.86200 15.477 0.005 5.23 726.0
2454508.85415 15.470 0.004 4.53 609.0
2454511.89150 15.464 0.004 3.56 1021.0
2454514.85230 15.456 0.004 4.64 674.0
2454518.84192 15.437 0.005 5.09 877.0
2454523.81467 15.432 0.005 5.29 980.0
2454525.80674 15.416 0.006 4.15 2316.0
2454531.82261 15.418 0.005 5.50 717.0
2454534.78115 15.420 0.005 6.24 681.0
2454536.86240 15.410 0.004 4.10 621.0
2454538.78391 15.414 0.005 4.81 710.0
2454539.89740 15.434 0.004 4.14 532.0
2454540.76817 15.421 0.004 4.29 714.0
2454541.86517 15.416 0.004 3.85 570.0
2454542.82863 15.429 0.005 6.53 577.0
2454546.81505 15.436 0.005 5.36 760.0
2454547.84605 15.448 0.004 4.38 799.0
2454556.80036 15.469 0.004 3.80 512.0
2454557.82338 15.467 0.005 5.45 561.0
2454558.79203 15.460 0.004 4.03 506.0
2454559.79059 15.468 0.004 4.70 477.0
2454560.79100 15.469 0.004 5.19 477.0
2454561.77992 15.488 0.004 3.69 520.0
2454564.78409 15.488 0.004 4.03 476.0
2454565.76867 15.495 0.004 3.61 517.0
2454566.76952 15.497 0.004 4.95 526.0
2454567.76848 15.492 0.004 4.87 529.0
2454568.79189 15.502 0.004 4.10 584.0
2454569.78772 15.491 0.004 5.20 512.0
2454570.77808 15.519 0.005 4.76 484.0
2454571.76876 15.509 0.005 5.55 579.0
2454572.79194 15.505 0.004 4.23 686.0
2454573.77958 15.515 0.004 3.50 607.0
2454574.78193 15.504 0.005 5.24 720.0
2454575.79071 15.515 0.005 4.18 739.0
2454577.87967 15.513 0.005 4.33 861.0
2454578.83330 15.520 0.005 5.73 831.0
2454583.78547 15.546 0.006 4.36 1688.0
2454585.69647 15.539 0.005 6.13 598.0
2454586.90152 15.544 0.005 4.62 758.0
2454587.65458 15.545 0.005 5.82 702.0
2454588.63451 15.534 0.005 4.58 713.0
2454589.79823 15.536 0.005 4.81 539.0
2454590.63533 15.526 0.006 6.46 726.0
2454591.79424 15.538 0.004 3.85 626.0
2454592.70591 15.547 0.005 4.41 799.0
2454593.69495 15.556 0.005 4.70 600.0
2454594.71623 15.545 0.005 5.16 597.0
2454595.70854 15.553 0.005 4.57 522.0
2454596.70053 15.544 0.005 4.74 548.0
2454597.72521 15.556 0.005 5.03 582.0
2454598.70125 15.564 0.004 3.54 433.0
2454599.67378 15.565 0.005 4.39 584.0
2454600.68614 15.559 0.004 3.80 516.0
2454601.68882 15.543 0.004 3.72 542.0
2454602.68118 15.561 0.004 3.36 666.0
2454603.90419 15.542 0.005 4.60 600.0
2454606.68913 15.564 0.004 3.18 1001.0
2454610.79246 15.558 0.006 3.52 2627.0
2454611.66809 15.556 0.005 4.09 687.0
2454611.85896 15.562 0.005 4.06 882.0
2454612.69251 15.557 0.005 3.82 863.0
2454615.83505 15.552 0.005 5.19 676.0
2454616.65094 15.573 0.005 4.40 526.0
2454617.75064 15.558 0.005 4.62 576.0
2454618.69187 15.567 0.005 4.14 585.0
2454622.85064 15.563 0.005 4.95 697.0
2454623.71224 15.582 0.005 4.38 543.0
2454624.63381 15.559 0.006 5.96 674.0
2454625.55441 15.555 0.006 6.71 694.0
2454626.66904 15.567 0.006 6.67 530.0
2454627.60797 15.574 0.005 4.87 560.0
2454628.60997 15.562 0.005 5.35 591.0
2454629.67470 15.587 0.005 4.01 499.0
2454630.60821 15.568 0.005 3.99 598.0
2454631.63319 15.585 0.005 4.09 546.0
2454632.62000 15.580 0.005 4.16 649.0
2454633.61356 15.572 0.005 4.29 777.0
2454638.79747 15.568 0.005 4.32 804.0
2454639.61854 15.568 0.005 4.12 832.0
2454640.63542 15.561 0.005 5.27 567.0
2454641.71792 15.579 0.005 4.34 605.0
2454642.63401 15.571 0.005 4.47 527.0
2454643.60015 15.564 0.005 5.52 541.0
2454644.66151 15.555 0.005 5.61 532.0
2454645.57394 15.578 0.005 5.13 720.0
2454646.57047 15.584 0.005 3.50 620.0
2454647.56410 15.579 0.005 4.27 824.0
2454648.56851 15.569 0.005 4.72 689.0
2454649.57062 15.580 0.005 4.65 585.0
2454650.60331 15.586 0.005 4.53 690.0
2454651.57480 15.583 0.005 4.17 703.0
2454652.54761 15.567 0.005 4.34 871.0
2454653.54155 15.570 0.006 6.22 803.0
2454654.58075 15.573 0.005 5.31 638.0
2454655.54140 15.570 0.005 4.56 873.0
2454656.54335 15.568 0.005 4.20 701.0
2454658.70205 15.572 0.006 6.03 693.0
2454660.65477 15.570 0.005 4.26 728.0
2454661.53143 15.587 0.005 3.33 1056.0
2454665.69917 15.584 0.005 3.81 1350.0
2454666.60447 15.584 0.005 4.30 975.0
2454670.66938 15.568 0.005 5.06 595.0
2454671.71659 15.575 0.005 5.27 568.0
2454672.55033 15.583 0.004 3.66 554.0
2454674.55623 15.570 0.005 4.58 606.0
2454677.53288 15.584 0.005 4.95 643.0
2454678.64909 15.577 0.004 3.94 499.0
2454681.47894 15.571 0.005 4.26 711.0
2454682.52256 15.569 0.005 4.50 629.0
2454683.56107 15.582 0.005 5.23 672.0
2454684.58033 15.578 0.005 4.26 686.0
2454685.54476 15.572 0.005 4.44 661.0
2454686.54573 15.568 0.005 4.97 649.0
2454687.54573 15.579 0.005 4.76 600.0
2454688.53897 15.571 0.005 4.23 652.0
2454694.48887 15.569 0.006 6.70 846.0
2454697.54255 15.568 0.005 5.16 625.0
2454698.55143 15.570 0.004 3.57 576.0
2454699.56323 15.574 0.005 5.13 689.0
2454700.56400 15.579 0.005 4.01 631.0
2454701.54690 15.571 0.005 4.92 647.0
2454702.56180 15.564 0.005 5.10 548.0
2454703.62917 15.565 0.005 5.67 582.0
2454705.61313 15.579 0.005 5.06 625.0
2454707.65832 15.558 0.005 5.33 591.0
2454709.55709 15.564 0.006 6.15 686.0
2454710.59766 15.574 0.005 5.05 694.0
2454716.62992 15.568 0.006 6.28 1063.0
2454721.54784 15.578 0.006 5.85 896.0
2454724.55473 15.583 0.005 4.28 924.0
2454725.58231 15.576 0.006 5.51 1048.0
2454730.61681 15.583 0.005 5.46 725.0
2454734.59850 15.586 0.005 7.26 504.0
2454743.59102 15.572 0.006 6.32 688.0
2454748.53462 15.577 0.006 6.11 914.0
2454754.50997 15.568 0.006 4.75 1138.0
2454758.55514 15.566 0.006 5.23 952.0
2454874.86890 15.565 0.005 5.08 846.0
2454878.82894 15.575 0.006 5.60 1220.0
2454884.89598 15.593 0.005 3.96 804.0
